Effective Refractance index n(r,f). f =  2.00000000000000000Mode #  1
Радиус 	                n(r,f) 	
0.00000000000000000E+0	1.17531121618476485E+0	
5.00000000000000010E-4	1.17531115627812695E+0	
1.00000000000000002E-3	1.17531104790600091E+0	
1.50000000000000003E-3	1.17531088399736731E+0	
2.00000000000000004E-3	1.17531066018209581E+0	
2.50000000000000005E-3	1.17531037646018641E+0	
3.00000000000000006E-3	1.17531003283163910E+0	
3.50000000000000007E-3	1.17530962222543448E+0	
4.00000000000000008E-3	1.17530915171259194E+0	
4.50000000000000009E-3	1.17530862566324185E+0	
5.00000000000000010E-3	1.17530802826610410E+0	
5.50000000000000011E-3	1.17530737533245878E+0	
6.00000000000000012E-3	1.17530666249217556E+0	
6.50000000000000014E-3	1.17530588974525444E+0	
7.00000000000000015E-3	1.17530505002067599E+0	
7.50000000000000016E-3	1.17530415038945964E+0	
8.00000000000000017E-3	1.17530319085160540E+0	
8.50000000000000018E-3	1.17530216433609382E+0	
9.00000000000000019E-3	1.17530108228407469E+0	
9.50000000000000020E-3	1.17529993595528731E+0	
1.00000000000000002E-2	1.17529872701897295E+0	
1.05000000000000002E-2	1.17529745380589035E+0	
1.10000000000000002E-2	1.17529612505630018E+0	
1.15000000000000002E-2	1.17529472932905270E+0	
1.20000000000000002E-2	1.17529327369516731E+0	
1.25000000000000003E-2	1.17529175815464402E+0	
1.30000000000000003E-2	1.17529018270748282E+0	
1.35000000000000003E-2	1.17528854465279464E+0	
1.40000000000000003E-2	1.17528683525031880E+0	
1.45000000000000003E-2	1.17528507301222448E+0	
1.50000000000000003E-2	1.17528324816660318E+0	
1.55000000000000003E-2	1.17528135904421363E+0	
1.60000000000000003E-2	1.17527941438531652E+0	
1.65000000000000003E-2	1.17527740274876209E+0	
1.70000000000000004E-2	1.17527533120556976E+0	
1.75000000000000004E-2	1.17527319268472010E+0	
1.80000000000000004E-2	1.17527099425723254E+0	
1.85000000000000004E-2	1.17526873592310708E+0	
1.90000000000000004E-2	1.17526641768234371E+0	
1.95000000000000004E-2	1.17526403683405337E+0	
2.00000000000000004E-2	1.17526159170899478E+0	
2.05000000000000004E-2	1.17525909104742863E+0	
2.10000000000000004E-2	1.17525652340820515E+0	
2.15000000000000004E-2	1.17525389149221344E+0	
2.20000000000000005E-2	1.17525120403971416E+0	
2.25000000000000005E-2	1.17524844960955756E+0	
2.30000000000000005E-2	1.17524563527276305E+0	
2.35000000000000005E-2	1.17524276102933065E+0	
2.40000000000000005E-2	1.17523981980824092E+0	
2.45000000000000005E-2	1.17523682305064362E+0	
2.50000000000000005E-2	1.17523376201627809E+0	
2.55000000000000005E-2	1.17523063400425523E+0	
2.60000000000000005E-2	1.17522745752674424E+0	
2.65000000000000006E-2	1.17522420700055649E+0	
2.70000000000000006E-2	1.17522090363875027E+0	
2.75000000000000006E-2	1.17521752892915638E+0	
2.80000000000000006E-2	1.17521409868305494E+0	
2.85000000000000006E-2	1.17521060145929616E+0	
2.90000000000000006E-2	1.17520704432889949E+0	
2.95000000000000006E-2	1.17520343166199525E+0	
3.00000000000000006E-2	1.17519974764730335E+0	
3.05000000000000006E-2	1.17519601079699297E+0	
3.10000000000000006E-2	1.17519220426813619E+0	
3.15000000000000007E-2	1.17518834053353058E+0	
3.20000000000000007E-2	1.17518441419139799E+0	
3.25000000000000007E-2	1.17518042794262750E+0	
3.30000000000000007E-2	1.17517637034606935E+0	
3.35000000000000007E-2	1.17517225721300363E+0	
3.40000000000000007E-2	1.17516808417330001E+0	
3.45000000000000007E-2	1.17516385559708883E+0	
3.50000000000000007E-2	1.17515955567308999E+0	
3.55000000000000007E-2	1.17515519584245324E+0	
3.60000000000000008E-2	1.17515076903415917E+0	
3.65000000000000008E-2	1.17514628668935754E+0	
3.70000000000000008E-2	1.17514174006778766E+0	
3.75000000000000008E-2	1.17513713790971023E+0	
3.80000000000000008E-2	1.17513246877397547E+0	
3.85000000000000008E-2	1.17512773973160281E+0	
3.90000000000000008E-2	1.17512294641246191E+0	
3.95000000000000008E-2	1.17511809048579402E+0	
4.00000000000000008E-2	1.17511317465248823E+0	
4.05000000000000008E-2	1.17510819184152512E+0	
4.10000000000000009E-2	1.17510315349405444E+0	
4.15000000000000009E-2	1.17509805794083495E+0	
4.20000000000000009E-2	1.17509289270906905E+0	
4.25000000000000009E-2	1.17508766320053491E+0	
4.30000000000000009E-2	1.17508237815549320E+0	
4.35000000000000009E-2	1.17507702883368326E+0	
4.40000000000000009E-2	1.17507161690434633E+0	
4.45000000000000009E-2	1.17506614506837150E+0	
4.50000000000000009E-2	1.17506060625473934E+0	
4.55000000000000009E-2	1.17505501460548871E+0	
4.60000000000000010E-2	1.17504934890756132E+0	
4.65000000000000010E-2	1.17504363037401546E+0	
4.70000000000000010E-2	1.17503784486281228E+0	
4.75000000000000010E-2	1.17503200381510153E+0	
4.80000000000000010E-2	1.17502609849062254E+0	
4.85000000000000010E-2	1.17502013055861657E+0	
4.90000000000000010E-2	1.17501409834984236E+0	
4.95000000000000010E-2	1.17500800353354116E+0	
5.00000000000000010E-2	1.17500185588162148E+0	
5.05000000000000010E-2	1.17499564125204448E+0	
5.10000000000000011E-2	1.17498935964481015E+0	
5.15000000000000011E-2	1.17498301376080759E+0	
5.20000000000000011E-2	1.17497661671042780E+0	
5.25000000000000011E-2	1.17497015538327977E+0	
5.30000000000000011E-2	1.17496362707847441E+0	
5.35000000000000011E-2	1.17495703886703115E+0	
5.40000000000000011E-2	1.17495038804806091E+0	
5.45000000000000011E-2	1.17494368439347219E+0	
5.50000000000000011E-2	1.17493690232007638E+0	
5.55000000000000012E-2	1.17493007178119244E+0	
5.60000000000000012E-2	1.17492317426465117E+0	
5.65000000000000012E-2	1.17491621247134166E+0	
5.70000000000000012E-2	1.17490918807050516E+0	
5.75000000000000012E-2	1.17490211520418052E+0	
5.80000000000000012E-2	1.17489495954891846E+0	
5.85000000000000012E-2	1.17488775979829860E+0	
5.90000000000000012E-2	1.17488048869989108E+0	
5.95000000000000012E-2	1.17487315769484565E+0	
6.00000000000000012E-2	1.17486576408227324E+0	
6.05000000000000013E-2	1.17485830619293258E+0	
6.10000000000000013E-2	1.17485079276708437E+0	
6.15000000000000013E-2	1.17484321943459825E+0	
6.20000000000000013E-2	1.17483557475432447E+0	
6.25000000000000013E-2	1.17482786746652371E+0	
6.30000000000000013E-2	1.17482010734310446E+0	
6.35000000000000013E-2	1.17481228024202790E+0	
6.40000000000000013E-2	1.17480438616329400E+0	
6.45000000000000013E-2	1.17479643924894163E+0	
6.50000000000000014E-2	1.17478842535693194E+0	
6.55000000000000014E-2	1.17478035592841468E+0	
6.60000000000000014E-2	1.17477221515210976E+0	
6.65000000000000014E-2	1.17476401446916693E+0	
6.70000000000000014E-2	1.17475575117869712E+0	
6.75000000000000014E-2	1.17474743505260884E+0	
6.80000000000000014E-2	1.17473904757873289E+0	
6.85000000000000014E-2	1.17473059749732995E+0	
6.90000000000000014E-2	1.17472208750928911E+0	
6.95000000000000014E-2	1.17471351761461038E+0	
7.00000000000000015E-2	1.17470488781329374E+0	
7.05000000000000015E-2	1.17469619103431977E+0	
7.10000000000000015E-2	1.17468743434870790E+0	
7.15000000000000015E-2	1.17467861775645814E+0	
7.20000000000000015E-2	1.17466973855668138E+0	
7.25000000000000015E-2	1.17466078800911697E+0	
7.30000000000000015E-2	1.17465178462593407E+0	
7.35000000000000015E-2	1.17464271863522419E+0	
7.40000000000000015E-2	1.17463359273787641E+0	
7.45000000000000016E-2	1.17462439549274097E+0	
7.50000000000000016E-2	1.17461514271109796E+0	
7.55000000000000016E-2	1.17460583002281705E+0	
7.60000000000000016E-2	1.17459645035687881E+0	
7.65000000000000016E-2	1.17458701078430268E+0	
7.70000000000000016E-2	1.17457751130508864E+0	
7.75000000000000016E-2	1.17456794484821728E+0	
7.80000000000000016E-2	1.17455831848470802E+0	
7.85000000000000016E-2	1.17454862514354143E+0	
7.90000000000000016E-2	1.17453888333688671E+0	
7.95000000000000017E-2	1.17452906311142489E+0	
8.00000000000000017E-2	1.17451919005034460E+0	
8.05000000000000017E-2	1.17450925438173733E+0	
8.10000000000000017E-2	1.17449925443636181E+0	
8.15000000000000017E-2	1.17448919188345931E+0	
8.20000000000000017E-2	1.17447906942391890E+0	
8.25000000000000017E-2	1.17446888705774060E+0	
8.30000000000000017E-2	1.17445863771390497E+0	
8.35000000000000017E-2	1.17444832409330109E+0	
8.40000000000000018E-2	1.17443795930632000E+0	
8.45000000000000018E-2	1.17442752317155124E+0	
8.50000000000000018E-2	1.17441702713014458E+0	
8.55000000000000018E-2	1.17440647118210002E+0	
8.60000000000000018E-2	1.17439584825639814E+0	
8.65000000000000018E-2	1.17438516272316927E+0	
8.70000000000000018E-2	1.17437441998419158E+0	
8.75000000000000018E-2	1.17436361463768691E+0	
8.80000000000000018E-2	1.17435274501441399E+0	
8.85000000000000018E-2	1.17434181278361409E+0	
8.90000000000000018E-2	1.17433082064617629E+0	
8.95000000000000019E-2	1.17431976423197025E+0	
9.00000000000000019E-2	1.17430864521023723E+0	
9.05000000000000019E-2	1.17429746628186630E+0	
9.10000000000000019E-2	1.17428622744685747E+0	
9.15000000000000019E-2	1.17427492163419131E+0	
9.20000000000000019E-2	1.17426355591488726E+0	
9.25000000000000019E-2	1.17425212321792588E+0	
9.30000000000000019E-2	1.17424063498445694E+0	
9.35000000000000019E-2	1.17422908247421975E+0	
9.40000000000000020E-2	1.17421746298632525E+0	
9.45000000000000020E-2	1.17420578796192318E+0	
9.50000000000000020E-2	1.17419404866075287E+0	
9.55000000000000020E-2	1.17418224675205557E+0	
9.60000000000000020E-2	1.17417037349557061E+0	
9.65000000000000020E-2	1.17415845177359751E+0	
9.70000000000000020E-2	1.17414646307396709E+0	
9.75000000000000020E-2	1.17413441446769876E+0	
9.80000000000000020E-2	1.17412229451364277E+0	
9.85000000000000020E-2	1.17411011902307922E+0	
9.90000000000000021E-2	1.17409788362587777E+0	
9.95000000000000021E-2	1.17408558125101899E+0	
1.00000000000000002E-1	1.17407321896952232E+0	
1.00500000000000002E-1	1.17406078971036831E+0	
1.01000000000000002E-1	1.17404830491470675E+0	
1.01500000000000002E-1	1.17403575584227694E+0	
1.02000000000000002E-1	1.17402313979218981E+0	
1.02500000000000002E-1	1.17401046820559512E+0	
1.03000000000000002E-1	1.17399773234223219E+0	
1.03500000000000002E-1	1.17398493387134227E+0	
1.04000000000000002E-1	1.17397207112368411E+0	
1.04500000000000002E-1	1.17395914576849896E+0	
1.05000000000000002E-1	1.17394615613654558E+0	
1.05500000000000002E-1	1.17393311096808463E+0	
1.06000000000000002E-1	1.17391999882196636E+0	
1.06500000000000002E-1	1.17390682676921018E+0	
1.07000000000000002E-1	1.17389359480981611E+0	
1.07500000000000002E-1	1.17388029587276471E+0	
1.08000000000000002E-1	1.17386693702907541E+0	
1.08500000000000002E-1	1.17385351120772878E+0	
1.09000000000000002E-1	1.17384002547974426E+0	
1.09500000000000002E-1	1.17382647984512183E+0	
1.10000000000000002E-1	1.17381286723284207E+0	
1.10500000000000002E-1	1.17379919471392442E+0	
1.11000000000000002E-1	1.17378545958747978E+0	
1.11500000000000002E-1	1.17377166018426690E+0	
1.12000000000000002E-1	1.17375780087441612E+0	
1.12500000000000002E-1	1.17374387895703835E+0	
1.13000000000000002E-1	1.17372989276289234E+0	
1.13500000000000002E-1	1.17371584396121935E+0	
1.14000000000000002E-1	1.17370174232392788E+0	
1.14500000000000002E-1	1.17368756226782932E+0	
1.15000000000000002E-1	1.17367332667522320E+0	
1.15500000000000002E-1	1.17365903117597917E+0	
1.16000000000000002E-1	1.17364467577009725E+0	
1.16500000000000002E-1	1.17363024901642766E+0	
1.17000000000000002E-1	1.17361576672625051E+0	
1.17500000000000002E-1	1.17360121745841604E+0	
1.18000000000000002E-1	1.17358660828394366E+0	
1.18500000000000002E-1	1.17357193920283338E+0	
1.19000000000000002E-1	1.17355720314406578E+0	
1.19500000000000002E-1	1.17354240010764085E+0	
1.20000000000000002E-1	1.17352754860572779E+0	
1.20500000000000002E-1	1.17351262575602706E+0	
1.21000000000000002E-1	1.17349763592866900E+0	
1.21500000000000002E-1	1.17348258619467305E+0	
1.22000000000000002E-1	1.17346748092416953E+0	
1.22500000000000003E-1	1.17345230430587835E+0	
1.23000000000000003E-1	1.17343707215107960E+0	
1.23500000000000003E-1	1.17342177571951262E+0	
1.24000000000000003E-1	1.17340641668041865E+0	
1.24500000000000003E-1	1.17339099336455644E+0	
1.25000000000000003E-1	1.17337550744116724E+0	
1.25500000000000003E-1	1.17335995724100980E+0	
1.26000000000000003E-1	1.17334434443332538E+0	
1.26500000000000003E-1	1.17332867171900306E+0	
1.27000000000000003E-1	1.17331293909804283E+0	
1.27500000000000003E-1	1.17329713512929494E+0	
1.28000000000000003E-1	1.17328127562403949E+0	
1.28500000000000003E-1	1.17326535621214614E+0	
1.29000000000000003E-1	1.17324936982259546E+0	
1.29500000000000003E-1	1.17323331645538746E+0	
1.30000000000000003E-1	1.17321721025256098E+0	
1.30500000000000003E-1	1.17320103000105775E+0	
1.31000000000000003E-1	1.17318479691393604E+0	
1.31500000000000003E-1	1.17316849684915701E+0	
1.32000000000000003E-1	1.17315212980672066E+0	
1.32500000000000003E-1	1.17313570285764640E+0	
1.33000000000000003E-1	1.17311922037206458E+0	
1.33500000000000003E-1	1.17310266653869510E+0	
1.34000000000000003E-1	1.17308605279868771E+0	
1.34500000000000003E-1	1.17306938352217276E+0	
1.35000000000000003E-1	1.17305264289787015E+0	
1.35500000000000003E-1	1.17303583529591022E+0	
1.36000000000000003E-1	1.17301897922846214E+0	
1.36500000000000003E-1	1.17300204474220698E+0	
1.37000000000000003E-1	1.17298506179046368E+0	
1.37500000000000003E-1	1.17296800749093271E+0	
1.38000000000000003E-1	1.17295089058387476E+0	
1.38500000000000003E-1	1.17293370940004857E+0	
1.39000000000000003E-1	1.17291647267971482E+0	
1.39500000000000003E-1	1.17289916461159340E+0	
1.40000000000000003E-1	1.17288180100696442E+0	
1.40500000000000003E-1	1.17286436605454778E+0	
1.41000000000000003E-1	1.17284687556562358E+0	
1.41500000000000003E-1	1.17282932517006147E+0	
1.42000000000000003E-1	1.17281170779684204E+0	
1.42500000000000003E-1	1.17279401907583494E+0	
1.43000000000000003E-1	1.17277628188933971E+0	
1.43500000000000003E-1	1.17275847065416772E+0	
1.44000000000000003E-1	1.17274060658337726E+0	
1.44500000000000003E-1	1.17272267553492948E+0	
1.45000000000000003E-1	1.17270467750882437E+0	
1.45500000000000003E-1	1.17268661520595102E+0	
1.46000000000000003E-1	1.17266849736657011E+0	
1.46500000000000003E-1	1.17265031254953187E+0	
1.47000000000000003E-1	1.17263206782585573E+0	
1.47500000000000003E-1	1.17261375612452226E+0	
1.48000000000000003E-1	1.17259538451655090E+0	
1.48500000000000003E-1	1.17257694593092221E+0	
1.49000000000000003E-1	1.17255844743865562E+0	
1.49500000000000003E-1	1.17253988903975113E+0	
1.50000000000000003E-1	1.17252126366318931E+0	
1.50500000000000003E-1	1.17250257130897017E+0	
1.51000000000000003E-1	1.17248381904811312E+0	
1.51500000000000003E-1	1.17246501125074852E+0	
1.52000000000000003E-1	1.17244613210559625E+0	
1.52500000000000003E-1	1.17242719305380607E+0	
1.53000000000000003E-1	1.17240819409537800E+0	
1.53500000000000003E-1	1.17238912815929260E+0	
1.54000000000000003E-1	1.17236999961568022E+0	
1.54500000000000003E-1	1.17235080679529960E+0	
1.55000000000000003E-1	1.17233155406828107E+0	
1.55500000000000003E-1	1.17231223436360522E+0	
1.56000000000000003E-1	1.17229284768127205E+0	
1.56500000000000003E-1	1.17227341253345073E+0	
1.57000000000000003E-1	1.17225389896682233E+0	
1.57500000000000003E-1	1.17223433256457545E+0	
1.58000000000000003E-1	1.17221470355480159E+0	
1.58500000000000003E-1	1.17219500319724006E+0	
1.59000000000000003E-1	1.17217524293304063E+0	
1.59500000000000003E-1	1.17215541569118388E+0	
1.60000000000000003E-1	1.17213553998383898E+0	
1.60500000000000003E-1	1.17211558585768700E+0	
1.61000000000000003E-1	1.17209557182489712E+0	
1.61500000000000003E-1	1.17207550225559968E+0	
1.62000000000000003E-1	1.17205536133851457E+0	
1.62500000000000003E-1	1.17203516051479156E+0	
1.63000000000000003E-1	1.17201489708354156E+0	
1.63500000000000003E-1	1.17199456937552333E+0	
1.64000000000000003E-1	1.17197417468984776E+0	
1.64500000000000003E-1	1.17195372446766464E+0	
1.65000000000000003E-1	1.17193320289769385E+0	
1.65500000000000003E-1	1.17191262142108517E+0	
1.66000000000000003E-1	1.17189197733694949E+0	
1.66500000000000003E-1	1.17187126897604558E+0	
1.67000000000000003E-1	1.17185050070850376E+0	
1.67500000000000003E-1	1.17182966983343496E+0	
1.68000000000000004E-1	1.17180876761057849E+0	
1.68500000000000004E-1	1.17178780548108413E+0	
1.69000000000000004E-1	1.17176678781508220E+0	
1.69500000000000004E-1	1.17174569880129260E+0	
1.70000000000000004E-1	1.17172455425099545E+0	
1.70500000000000004E-1	1.17170333835291063E+0	
1.71000000000000004E-1	1.17168206254818791E+0	
1.71500000000000004E-1	1.17166072413593820E+0	
1.72000000000000004E-1	1.17163931437590083E+0	
1.72500000000000004E-1	1.17161785178024498E+0	
1.73000000000000004E-1	1.17159631513591238E+0	
1.73500000000000004E-1	1.17157473002609165E+0	
1.74000000000000004E-1	1.17155306649746382E+0	
1.74500000000000004E-1	1.17153135013321752E+0	
1.75000000000000004E-1	1.17150955972029447E+0	
1.75500000000000004E-1	1.17148772084188329E+0	
1.76000000000000004E-1	1.17146580354466501E+0	
1.76500000000000004E-1	1.17144383341182826E+0	
1.77000000000000004E-1	1.17142178923031475E+0	
1.77500000000000004E-1	1.17139969658331311E+0	
1.78000000000000004E-1	1.17137752551750439E+0	
1.78500000000000004E-1	1.17135530161607718E+0	
1.79000000000000004E-1	1.17133301073699265E+0	
1.79500000000000004E-1	1.17131065288025079E+0	
1.80000000000000004E-1	1.17128823511687104E+0	
1.80500000000000004E-1	1.17126575037583395E+0	
1.81000000000000004E-1	1.17124320572815897E+0	
1.81500000000000004E-1	1.17122059847295700E+0	
1.82000000000000004E-1	1.17119792694098679E+0	
1.82500000000000004E-1	1.17117518843135926E+0	
1.83000000000000004E-1	1.17115239001509382E+0	
1.83500000000000004E-1	1.17112952025104072E+0	
1.84000000000000004E-1	1.17110659932061040E+0	
1.84500000000000004E-1	1.17108360267226207E+0	
1.85000000000000004E-1	1.17106055048740618E+0	
1.85500000000000004E-1	1.17103743839591239E+0	
1.86000000000000004E-1	1.17101425225574185E+0	
1.86500000000000004E-1	1.17099101327995284E+0	
1.87000000000000004E-1	1.17096770025548707E+0	
1.87500000000000004E-1	1.17094433439540283E+0	
1.88000000000000004E-1	1.17092089011651150E+0	
1.88500000000000004E-1	1.17089739030111261E+0	
1.89000000000000004E-1	1.17087383057907581E+0	
1.89500000000000004E-1	1.17085020387938170E+0	
1.90000000000000004E-1	1.17082651290291934E+0	
1.90500000000000004E-1	1.17080275931892999E+0	
1.91000000000000004E-1	1.17077893438715298E+0	
1.91500000000000004E-1	1.17075505391886841E+0	
1.92000000000000004E-1	1.17073110917381560E+0	
1.92500000000000004E-1	1.17070710182123580E+0	
1.93000000000000004E-1	1.17068302312086834E+0	
1.93500000000000004E-1	1.17065888888399332E+0	
1.94000000000000004E-1	1.17063469037035005E+0	
1.94500000000000004E-1	1.17061042924917980E+0	
1.95000000000000004E-1	1.17058609678022189E+0	
1.95500000000000004E-1	1.17056170440462607E+0	
1.96000000000000004E-1	1.17053724505137293E+0	
1.96500000000000004E-1	1.17051273016161223E+0	
1.97000000000000004E-1	1.17048814392406386E+0	
1.97500000000000004E-1	1.17046349777987760E+0	
1.98000000000000004E-1	1.17043878465803400E+0	
1.98500000000000004E-1	1.17041401162955251E+0	
1.99000000000000004E-1	1.17038917162341369E+0	
1.99500000000000004E-1	1.17036426463961755E+0	
2.00000000000000004E-1	1.17033929774918350E+0	
2.00500000000000004E-1	1.17031427095211155E+0	
2.01000000000000004E-1	1.17028917717738228E+0	
2.01500000000000004E-1	1.17026401205486535E+0	
2.02000000000000004E-1	1.17023879139584085E+0	
2.02500000000000004E-1	1.17021350375915902E+0	
2.03000000000000004E-1	1.17018815621583930E+0	
2.03500000000000004E-1	1.17016273732473191E+0	
2.04000000000000004E-1	1.17013726289711696E+0	
2.04500000000000004E-1	1.17011171712171435E+0	
2.05000000000000004E-1	1.17008610873878475E+0	
2.05500000000000004E-1	1.17006043607908690E+0	
2.06000000000000004E-1	1.17003469644173174E+0	
2.06500000000000004E-1	1.17000890126786901E+0	
2.07000000000000004E-1	1.16998303474621862E+0	
2.07500000000000004E-1	1.16995710831793032E+0	
2.08000000000000004E-1	1.16993111491198471E+0	
2.08500000000000004E-1	1.16990506159940119E+0	
2.09000000000000004E-1	1.16987894130916034E+0	
2.09500000000000004E-1	1.16985275404126217E+0	
2.10000000000000004E-1	1.16982650686672610E+0	
2.10500000000000004E-1	1.16980019978555213E+0	
2.11000000000000004E-1	1.16977381865570140E+0	
2.11500000000000004E-1	1.16974738032010187E+0	
2.12000000000000004E-1	1.16972087230595592E+0	
2.12500000000000004E-1	1.16969430438517207E+0	
2.13000000000000004E-1	1.16966767218761998E+0	
2.13500000000000004E-1	1.16964097738254091E+0	
2.14000000000000004E-1	1.16961421122967417E+0	
2.14500000000000004E-1	1.16958738517016953E+0	
2.15000000000000004E-1	1.16956049650313790E+0	
2.15500000000000004E-1	1.16953353648831861E+0	
2.16000000000000004E-1	1.16950651656686142E+0	
2.16500000000000004E-1	1.16947943673876632E+0	
2.17000000000000005E-1	1.16945228993301390E+0	
2.17500000000000005E-1	1.16942507614960416E+0	
2.18000000000000005E-1	1.16939779538853709E+0	
2.18500000000000005E-1	1.16937046179185155E+0	
2.19000000000000005E-1	1.16934304977635891E+0	
2.19500000000000005E-1	1.16931558222435872E+0	
2.20000000000000005E-1	1.16928804332457086E+0	
2.20500000000000005E-1	1.16926044888827543E+0	
2.21000000000000005E-1	1.16923278310419235E+0	
2.21500000000000005E-1	1.16920506178360170E+0	
2.22000000000000005E-1	1.16917726911522339E+0	
2.22500000000000005E-1	1.16914940946918775E+0	
2.23000000000000005E-1	1.16912148991651421E+0	
2.23500000000000005E-1	1.16909350338618334E+0	
2.24000000000000005E-1	1.16906544987819515E+0	
2.24500000000000005E-1	1.16903733646356906E+0	
2.25000000000000005E-1	1.16900916314230507E+0	
2.25500000000000005E-1	1.16898091577236433E+0	
2.26000000000000005E-1	1.16895260412565535E+0	
2.26500000000000005E-1	1.16892423694243881E+0	
2.27000000000000005E-1	1.16889579841143460E+0	
2.27500000000000005E-1	1.16886729727290341E+0	
2.28000000000000005E-1	1.16883873185760397E+0	
2.28500000000000005E-1	1.16881009946464721E+0	
2.29000000000000005E-1	1.16878140009403313E+0	
2.29500000000000005E-1	1.16875264081678115E+0	
2.30000000000000005E-1	1.16872381456187184E+0	
2.30500000000000005E-1	1.16869492840032462E+0	
2.31000000000000005E-1	1.16866597526112009E+0	
2.31500000000000005E-1	1.16863695077412789E+0	
2.32000000000000005E-1	1.16860787075062812E+0	
2.32500000000000005E-1	1.16857872374947104E+0	
2.33000000000000005E-1	1.16854950540052628E+0	
2.33500000000000005E-1	1.16852022714494363E+0	
2.34000000000000005E-1	1.16849088898272308E+0	
2.34500000000000005E-1	1.16846147677182577E+0	
2.35000000000000005E-1	1.16843200465429057E+0	
2.35500000000000005E-1	1.16840247263011746E+0	
2.36000000000000005E-1	1.16837286655726761E+0	
2.36500000000000005E-1	1.16834320057777985E+0	
2.37000000000000005E-1	1.16831347032152385E+0	
2.37500000000000005E-1	1.16828367038672145E+0	
2.38000000000000005E-1	1.16825381324617023E+0	
2.38500000000000005E-1	1.16822388205694225E+0	
2.39000000000000005E-1	1.16819389533120672E+0	
2.39500000000000005E-1	1.16816383725768352E+0	
2.40000000000000005E-1	1.16813371927752242E+0	
2.40500000000000005E-1	1.16810352287855423E+0	
2.41000000000000005E-1	1.16807327801409791E+0	
2.41500000000000005E-1	1.16804295910096483E+0	
2.42000000000000005E-1	1.16801257591106352E+0	
2.42500000000000005E-1	1.16798213718465464E+0	
2.43000000000000005E-1	1.16795162003943868E+0	
2.43500000000000005E-1	1.16792104298758481E+0	
2.44000000000000005E-1	1.16789040602909304E+0	
2.44500000000000005E-1	1.16785969502192453E+0	
2.45000000000000005E-1	1.16782892410811811E+0	
2.45500000000000005E-1	1.16779809328767379E+0	
2.46000000000000005E-1	1.16776718404842238E+0	
2.46500000000000005E-1	1.16773621927266341E+0	
2.47000000000000005E-1	1.16770519022013620E+0	
2.47500000000000005E-1	1.16767408711893224E+0	
2.48000000000000005E-1	1.16764292411109039E+0	
2.48500000000000005E-1	1.16761170119661062E+0	
2.49000000000000005E-1	1.16758040423345411E+0	
2.49500000000000005E-1	1.16754904736365970E+0	
2.50000000000000005E-1	1.16751762621709705E+0	
2.50500000000000005E-1	1.16748613539198799E+0	
2.51000000000000005E-1	1.16745458029011069E+0	
2.51500000000000005E-1	1.16742296965172582E+0	
2.52000000000000005E-1	1.16739128059453387E+0	
2.52500000000000005E-1	1.16735953163070402E+0	
2.53000000000000005E-1	1.16732771131908650E+0	
2.53500000000000005E-1	1.16729583547096142E+0	
2.54000000000000005E-1	1.16726389264517902E+0	
2.54500000000000005E-1	1.16723187847160895E+0	
2.55000000000000005E-1	1.16719979732038155E+0	
2.55500000000000005E-1	1.16716765626251626E+0	
2.56000000000000005E-1	1.16713544822699364E+0	
2.56500000000000005E-1	1.16710318028483312E+0	
2.57000000000000005E-1	1.16707083829399585E+0	
2.57500000000000005E-1	1.16703843639652067E+0	
2.58000000000000005E-1	1.16700597022227726E+0	
2.58500000000000005E-1	1.16697342999935710E+0	
2.59000000000000005E-1	1.16694083423992938E+0	
2.59500000000000005E-1	1.16690816713271399E+0	
2.60000000000000005E-1	1.16687544011886070E+0	
2.60500000000000005E-1	1.16684264175721975E+0	
2.61000000000000005E-1	1.16680978078805181E+0	
2.61500000000000005E-1	1.16677684847109621E+0	
2.62000000000000005E-1	1.16674386061763304E+0	
2.62500000000000005E-1	1.16671079434536279E+0	
2.63000000000000005E-1	1.16667767523747406E+0	
2.63500000000000005E-1	1.16664448208090858E+0	
2.64000000000000006E-1	1.16661122464757486E+0	
2.64500000000000006E-1	1.16657790460671415E+0	
2.65000000000000006E-1	1.16654451321806578E+0	
2.65500000000000006E-1	1.16651106192277951E+0	
2.66000000000000006E-1	1.16647754364983591E+0	
2.66500000000000006E-1	1.16644395839923499E+0	
2.67000000000000006E-1	1.16641030617097674E+0	
2.67500000000000006E-1	1.16637659403608059E+0	
2.68000000000000006E-1	1.16634281055339678E+0	
2.68500000000000006E-1	1.16630896009305564E+0	
2.69000000000000006E-1	1.16627505409620694E+0	
2.69500000000000006E-1	1.16624106531042082E+0	
2.70000000000000006E-1	1.16620702805914655E+0	
2.70500000000000006E-1	1.16617291675919554E+0	
2.71000000000000006E-1	1.16613873411145686E+0	
2.71500000000000006E-1	1.16610449155708028E+0	
2.72000000000000006E-1	1.16607018202504637E+0	
2.72500000000000006E-1	1.16603580551535514E+0	
2.73000000000000006E-1	1.16600136909902601E+0	
2.73500000000000006E-1	1.16596685863402013E+0	
2.74000000000000006E-1	1.16593229096326544E+0	
2.74500000000000006E-1	1.16589764924383399E+0	
2.75000000000000006E-1	1.16586294054674522E+0	
2.75500000000000006E-1	1.16582817194301855E+0	
2.76000000000000006E-1	1.16579333636163455E+0	
2.76500000000000006E-1	1.16575843380259323E+0	
2.77000000000000006E-1	1.16572346696678366E+0	
2.77500000000000006E-1	1.16568842608229735E+0	
2.78000000000000006E-1	1.16565332529117314E+0	
2.78500000000000006E-1	1.16561815752239160E+0	
2.79000000000000006E-1	1.16558292547684182E+0	
2.79500000000000006E-1	1.16554762375274564E+0	
2.80000000000000006E-1	1.16551225775188121E+0	
2.80500000000000006E-1	1.16547682477335945E+0	
2.81000000000000006E-1	1.16544132481718037E+0	
2.81500000000000006E-1	1.16540576495436339E+0	
2.82000000000000006E-1	1.16537013374375875E+0	
2.82500000000000006E-1	1.16533443555549678E+0	
2.83000000000000006E-1	1.16529867038957748E+0	
2.83500000000000006E-1	1.16526283824600086E+0	
2.84000000000000006E-1	1.16522694619578634E+0	
2.84500000000000006E-1	1.16519097572676473E+0	
2.85000000000000006E-1	1.16515494972123556E+0	
2.85500000000000006E-1	1.16511885943893815E+0	
2.86000000000000006E-1	1.16508269510796399E+0	
2.86500000000000006E-1	1.16504647087035193E+0	
2.87000000000000006E-1	1.16501016821393278E+0	
2.87500000000000006E-1	1.16497380565087573E+0	
2.88000000000000006E-1	1.16493738318118077E+0	
2.88500000000000006E-1	1.16490088666280907E+0	
2.89000000000000006E-1	1.16486432316678005E+0	
2.89500000000000006E-1	1.16482769539398278E+0	
2.90000000000000006E-1	1.16479100501365853E+0	
2.90500000000000006E-1	1.16475424328554661E+0	
2.91000000000000006E-1	1.16471742165079679E+0	
2.91500000000000006E-1	1.16468052159723988E+0	
2.92000000000000006E-1	1.16464356163704507E+0	
2.92500000000000006E-1	1.16460653906932328E+0	
2.93000000000000006E-1	1.16456944515381382E+0	
2.93500000000000006E-1	1.16453227989051670E+0	
2.94000000000000006E-1	1.16449505201969259E+0	
2.94500000000000006E-1	1.16445775987210024E+0	
2.95000000000000006E-1	1.16442040074685057E+0	
2.95500000000000006E-1	1.16438297464394357E+0	
2.96000000000000006E-1	1.16434547449235982E+0	
2.96500000000000006E-1	1.16430791713502725E+0	
2.97000000000000006E-1	1.16427028572901794E+0	
2.97500000000000006E-1	1.16423259441637073E+0	
2.98000000000000006E-1	1.16419483612606619E+0	
2.98500000000000006E-1	1.16415700378708490E+0	
2.99000000000000006E-1	1.16411910717133537E+0	
2.99500000000000006E-1	1.16408114357792851E+0	
3.00000000000000006E-1	1.16404312007788375E+0	
3.00500000000000006E-1	1.16400501815903191E+0	
3.01000000000000006E-1	1.16396686070367250E+0	
3.01500000000000006E-1	1.16392863190052543E+0	
3.02000000000000006E-1	1.16389033611972104E+0	
3.02500000000000006E-1	1.16385196899112898E+0	
3.03000000000000006E-1	1.16381353925500993E+0	
3.03500000000000006E-1	1.16377503817110322E+0	
3.04000000000000006E-1	1.16373647718055861E+0	
3.04500000000000006E-1	1.16369783777120691E+0	
3.05000000000000006E-1	1.16365914282534765E+0	
3.05500000000000006E-1	1.16362037653170072E+0	
3.06000000000000006E-1	1.16358154326039647E+0	
3.06500000000000006E-1	1.16354263864130455E+0	
3.07000000000000006E-1	1.16350367141468565E+0	
3.07500000000000006E-1	1.16346463284027909E+0	
3.08000000000000006E-1	1.16342553435923462E+0	
3.08500000000000006E-1	1.16338636182951340E+0	
3.09000000000000006E-1	1.16334712502302395E+0	
3.09500000000000006E-1	1.16330782123887716E+0	
3.10000000000000006E-1	1.16326845047707306E+0	
3.10500000000000006E-1	1.16322901273761163E+0	
3.11000000000000006E-1	1.16318950365036253E+0	
3.11500000000000006E-1	1.16314992758545611E+0	
3.12000000000000006E-1	1.16311028454289236E+0	
3.12500000000000006E-1	1.16307057722356037E+0	
3.13000000000000006E-1	1.16303080022568198E+0	
3.13500000000000007E-1	1.16299095895103534E+0	
3.14000000000000007E-1	1.16295103925758161E+0	
3.14500000000000007E-1	1.16291106402762033E+0	
3.15000000000000007E-1	1.16287101744987137E+0	
3.15500000000000007E-1	1.16283090389446510E+0	
3.16000000000000007E-1	1.16279072336140149E+0	
3.16500000000000007E-1	1.16275047148055023E+0	
3.17000000000000007E-1	1.16271015262204164E+0	
3.17500000000000007E-1	1.16266977385689514E+0	
3.18000000000000007E-1	1.16262932104307190E+0	
3.18500000000000007E-1	1.16258880395248042E+0	
3.19000000000000007E-1	1.16254821281321219E+0	
3.19500000000000007E-1	1.16250756176730605E+0	
3.20000000000000007E-1	1.16246683230259283E+0	
3.20500000000000007E-1	1.16242604293124171E+0	
3.21000000000000007E-1	1.16238518658223326E+0	
3.21500000000000007E-1	1.16234426325556749E+0	
3.22000000000000007E-1	1.16230326858111405E+0	
3.22500000000000007E-1	1.16226220692900329E+0	
3.23000000000000007E-1	1.16222107122821578E+0	
3.23500000000000007E-1	1.16217987832167945E+0	
3.24000000000000007E-1	1.16213861136646638E+0	
3.24500000000000007E-1	1.16209727743359597E+0	
3.25000000000000007E-1	1.16205587652306825E+0	
3.25500000000000007E-1	1.16201440426475286E+0	
3.26000000000000007E-1	1.16197286502878014E+0	
3.26500000000000007E-1	1.16193126151603918E+0	
3.27000000000000007E-1	1.16188958832475182E+0	
3.27500000000000007E-1	1.16184785085669621E+0	
3.28000000000000007E-1	1.16180603496983351E+0	
3.28500000000000007E-1	1.16176415647544383E+0	
3.29000000000000007E-1	1.16172221370428591E+0	
3.29500000000000007E-1	1.16168020395547066E+0	
3.30000000000000007E-1	1.16163811578784833E+0	
3.30500000000000007E-1	1.16159596771358809E+0	
3.31000000000000007E-1	1.16155374559065111E+0	
3.31500000000000007E-1	1.16151146356107622E+0	
3.32000000000000007E-1	1.16146910311269424E+0	
3.32500000000000007E-1	1.16142667838754403E+0	
3.33000000000000007E-1	1.16138419105486683E+0	
3.33500000000000007E-1	1.16134162530338254E+0	
3.34000000000000007E-1	1.16129899964526035E+0	
3.34500000000000007E-1	1.16125629993846141E+0	
3.35000000000000007E-1	1.16121353595489422E+0	
3.35500000000000007E-1	1.16117070499366972E+0	
3.36000000000000007E-1	1.16112779998376846E+0	
3.36500000000000007E-1	1.16108483069709897E+0	
3.37000000000000007E-1	1.16104178736175273E+0	
3.37500000000000007E-1	1.16099867974963824E+0	
3.38000000000000007E-1	1.16095550952999677E+0	
3.38500000000000007E-1	1.16091226089154821E+0	
3.39000000000000007E-1	1.16086894797633141E+0	
3.39500000000000007E-1	1.16082556101243786E+0	
3.40000000000000007E-1	1.16078211414190641E+0	
3.40500000000000007E-1	1.16073859322269822E+0	
3.41000000000000007E-1	1.16069500802672178E+0	
3.41500000000000007E-1	1.16065134878206859E+0	
3.42000000000000007E-1	1.16060762963077750E+0	
3.42500000000000007E-1	1.16056383206067932E+0	
3.43000000000000007E-1	1.16051996751292382E+0	
3.43500000000000007E-1	1.16047603161738065E+0	
3.44000000000000007E-1	1.16043203581519958E+0	
3.44500000000000007E-1	1.16038796596434176E+0	
3.45000000000000007E-1	1.16034382476569628E+0	
3.45500000000000007E-1	1.16029961658939348E+0	
3.46000000000000007E-1	1.16025534143543334E+0	
3.46500000000000007E-1	1.16021099493368555E+0	
3.47000000000000007E-1	1.16016658145428042E+0	
3.47500000000000007E-1	1.16012210099721798E+0	
3.48000000000000007E-1	1.16007754919236787E+0	
3.48500000000000007E-1	1.16003292333884101E+0	
3.49000000000000007E-1	1.15998823757867624E+0	
3.49500000000000007E-1	1.15994347339970439E+0	
3.50000000000000007E-1	1.15989864931409464E+0	
3.50500000000000007E-1	1.15985374680967780E+0	
3.51000000000000007E-1	1.15980878439862306E+0	
3.51500000000000007E-1	1.15976374793889157E+0	
3.52000000000000007E-1	1.15971864013137242E+0	
3.52500000000000007E-1	1.15967346534619594E+0	
3.53000000000000007E-1	1.15962821921323180E+0	
3.53500000000000007E-1	1.15958290610261033E+0	
3.54000000000000007E-1	1.15953752601433153E+0	
3.54500000000000007E-1	1.15949207894839542E+0	
3.55000000000000007E-1	1.15944656053467163E+0	
3.55500000000000007E-1	1.15940096370214076E+0	
3.56000000000000007E-1	1.15935529989195256E+0	
3.56500000000000007E-1	1.15930957617512646E+0	
3.57000000000000007E-1	1.15926377840962362E+0	
3.57500000000000007E-1	1.15921790929633311E+0	
3.58000000000000007E-1	1.15917196883525493E+0	
3.58500000000000007E-1	1.15912596139651943E+0	
3.59000000000000007E-1	1.15907988698012660E+0	
3.59500000000000007E-1	1.15903373851505703E+0	
3.60000000000000008E-1	1.15898752577321921E+0	
3.60500000000000008E-1	1.15894123461257431E+0	
3.61000000000000008E-1	1.15889487647427208E+0	
3.61500000000000008E-1	1.15884845842933195E+0	
3.62000000000000008E-1	1.15880196633571507E+0	
3.62500000000000008E-1	1.15875539145316076E+0	
3.63000000000000008E-1	1.15870876103409889E+0	
3.63500000000000008E-1	1.15866205926724936E+0	
3.64000000000000008E-1	1.15861528345172307E+0	
3.64500000000000008E-1	1.15856843628840913E+0	
3.65000000000000008E-1	1.15852152921845728E+0	
3.65500000000000008E-1	1.15847454102880926E+0	
3.66000000000000008E-1	1.15842748856239300E+0	
3.66500000000000008E-1	1.15838036474818907E+0	
3.67000000000000008E-1	1.15833316688530839E+0	
3.67500000000000008E-1	1.15828590911578982E+0	
3.68000000000000008E-1	1.15823857729759449E+0	
3.68500000000000008E-1	1.15819117413161150E+0	
3.69000000000000008E-1	1.15814369961784085E+0	
3.69500000000000008E-1	1.15809615105539344E+0	
3.70000000000000008E-1	1.15804854258630814E+0	
3.70500000000000008E-1	1.15800085569841575E+0	
3.71000000000000008E-1	1.15795310183286603E+0	
3.71500000000000008E-1	1.15790527661952865E+0	
3.72000000000000008E-1	1.15785738442853394E+0	
3.72500000000000008E-1	1.15780941381873214E+0	
3.73000000000000008E-1	1.15776138330229245E+0	
3.73500000000000008E-1	1.15771327873717600E+0	
3.74000000000000008E-1	1.15766510282427189E+0	
3.74500000000000008E-1	1.15761684849256069E+0	
3.75000000000000008E-1	1.15756853425421159E+0	
3.75500000000000008E-1	1.15752014596718574E+0	
3.76000000000000008E-1	1.15747168633237223E+0	
3.76500000000000008E-1	1.15742315971990139E+0	
3.77000000000000008E-1	1.15737456175964288E+0	
3.77500000000000008E-1	1.15732588975070763E+0	
3.78000000000000008E-1	1.15727714639398471E+0	
3.78500000000000008E-1	1.15722833605960447E+0	
3.79000000000000008E-1	1.15717945874756691E+0	
3.79500000000000008E-1	1.15713051008774167E+0	
3.80000000000000008E-1	1.15708148300910935E+0	
3.80500000000000008E-1	1.15703238895281971E+0	
3.81000000000000008E-1	1.15698322791887274E+0	
3.81500000000000008E-1	1.15693398846611868E+0	
3.82000000000000008E-1	1.15688468910672672E+0	
3.82500000000000008E-1	1.15683531132852767E+0	
3.83000000000000008E-1	1.15678586220254096E+0	
3.83500000000000008E-1	1.15673634339800784E+0	
3.84000000000000008E-1	1.15668675594657614E+0	
3.84500000000000008E-1	1.15663708737544826E+0	
3.85000000000000008E-1	1.15658735889768248E+0	
3.85500000000000008E-1	1.15653755907212904E+0	
3.86000000000000008E-1	1.15648768519789885E+0	
3.86500000000000008E-1	1.15643773997588100E+0	
3.87000000000000008E-1	1.15638772777620582E+0	
3.87500000000000008E-1	1.15633763715772355E+0	
3.88000000000000008E-1	1.15628747956158396E+0	
3.88500000000000008E-1	1.15623725061765670E+0	
3.89000000000000008E-1	1.15618695469607212E+0	
3.89500000000000008E-1	1.15613658035568045E+0	
3.90000000000000008E-1	1.15608613903763145E+0	
3.90500000000000008E-1	1.15603561930077537E+0	
3.91000000000000008E-1	1.15598503528715104E+0	
3.91500000000000008E-1	1.15593437722484997E+0	
3.92000000000000008E-1	1.15588365218489157E+0	
3.92500000000000008E-1	1.15583284872612608E+0	
3.93000000000000008E-1	1.15578197828970327E+0	
3.93500000000000008E-1	1.15573103650549279E+0	
3.94000000000000008E-1	1.15568002774362499E+0	
3.94500000000000008E-1	1.15562894056295010E+0	
3.95000000000000008E-1	1.15557778203448754E+0	
3.95500000000000008E-1	1.15552654945734824E+0	
3.96000000000000008E-1	1.15547524553242127E+0	
3.96500000000000008E-1	1.15542387462983698E+0	
3.97000000000000008E-1	1.15537243674959536E+0	
3.97500000000000008E-1	1.15532092045054665E+0	
3.98000000000000008E-1	1.15526933280371028E+0	
3.98500000000000008E-1	1.15521767110819716E+0	
3.99000000000000008E-1	1.15516593806489638E+0	
3.99500000000000008E-1	1.15511413804393827E+0	
4.00000000000000008E-1	1.15506226667519249E+0	
4.00500000000000008E-1	1.15501031688763963E+0	
4.01000000000000008E-1	1.15495829305141002E+0	
4.01500000000000008E-1	1.15490620930854250E+0	
4.02000000000000008E-1	1.15485404714686790E+0	
4.02500000000000008E-1	1.15480180656638621E+0	
4.03000000000000008E-1	1.15474949900824720E+0	
4.03500000000000008E-1	1.15469712010232052E+0	
4.04000000000000008E-1	1.15464467421873651E+0	
4.04500000000000008E-1	1.15459214991634542E+0	
4.05000000000000008E-1	1.15453954719514724E+0	
4.05500000000000008E-1	1.15448688456731115E+0	
4.06000000000000008E-1	1.15443414789079832E+0	
4.06500000000000008E-1	1.15438133279547840E+0	
4.07000000000000008E-1	1.15432844635237082E+0	
4.07500000000000008E-1	1.15427548856147557E+0	
4.08000000000000008E-1	1.15422246109203391E+0	
4.08500000000000008E-1	1.15416935790467425E+0	
4.09000000000000008E-1	1.15411618066863783E+0	
4.09500000000000009E-1	1.15406293208481376E+0	
4.10000000000000009E-1	1.15400961652333236E+0	
4.10500000000000009E-1	1.15395622254304387E+0	
4.11000000000000009E-1	1.15390276158509805E+0	
4.11500000000000009E-1	1.15384922220834515E+0	
4.12000000000000009E-1	1.15379561148380458E+0	
4.12500000000000009E-1	1.15374193378160669E+0	
4.13000000000000009E-1	1.15368817766060171E+0	
4.13500000000000009E-1	1.15363434749091998E+0	
4.14000000000000009E-1	1.15358044597345058E+0	
4.14500000000000009E-1	1.15352647310819352E+0	
4.15000000000000009E-1	1.15347242619425972E+0	
4.15500000000000009E-1	1.15341830793253824E+0	
4.16000000000000009E-1	1.15336411562214002E+0	
4.16500000000000009E-1	1.15330985196395414E+0	
4.17000000000000009E-1	1.15325550988696116E+0	
4.17500000000000009E-1	1.15320110083231086E+0	
4.18000000000000009E-1	1.15314661335885347E+0	
4.18500000000000009E-1	1.15309205453760842E+0	
4.19000000000000009E-1	1.15303742873870604E+0	
4.19500000000000009E-1	1.15298272452099658E+0	
4.20000000000000009E-1	1.15292794625461036E+0	
4.20500000000000009E-1	1.15287309664043648E+0	
4.21000000000000009E-1	1.15281816860745551E+0	
4.21500000000000009E-1	1.15276316922668688E+0	
4.22000000000000009E-1	1.15270810723839126E+0	
4.22500000000000009E-1	1.15265296246115822E+0	
4.23000000000000009E-1	1.15259774363524842E+0	
4.23500000000000009E-1	1.15254245346155096E+0	
4.24000000000000009E-1	1.15248708486904642E+0	
4.24500000000000009E-1	1.15243164929888454E+0	
4.25000000000000009E-1	1.15237614238093501E+0	
4.25500000000000009E-1	1.15232055434328930E+0	
4.26000000000000009E-1	1.15226490202887534E+0	
4.26500000000000009E-1	1.15220916422463488E+0	
4.27000000000000009E-1	1.15215336214362618E+0	
4.27500000000000009E-1	1.15209747894292130E+0	
4.28000000000000009E-1	1.15204152439442876E+0	
4.28500000000000009E-1	1.15198550286827889E+0	
4.29000000000000009E-1	1.15192940292332194E+0	
4.29500000000000009E-1	1.15187322455955789E+0	
4.30000000000000009E-1	1.15181697484800619E+0	
4.30500000000000009E-1	1.15176065108777773E+0	
4.31000000000000009E-1	1.15170425597976161E+0	
4.31500000000000009E-1	1.15164778682306874E+0	
4.32000000000000009E-1	1.15159124631858820E+0	
4.32500000000000009E-1	1.15153462739530058E+0	
4.33000000000000009E-1	1.15147793005320587E+0	
4.33500000000000009E-1	1.15142116573345383E+0	
4.34000000000000009E-1	1.15136432299489471E+0	
4.34500000000000009E-1	1.15130740890854792E+0	
4.35000000000000009E-1	1.15125042077352438E+0	
4.35500000000000009E-1	1.15119335421969375E+0	
4.36000000000000009E-1	1.15113621631807546E+0	
4.36500000000000009E-1	1.15107900436778042E+0	
4.37000000000000009E-1	1.15102171669956738E+0	
4.37500000000000009E-1	1.15096435935280792E+0	
4.38000000000000009E-1	1.15090691921711104E+0	
4.38500000000000009E-1	1.15084941210375683E+0	
4.39000000000000009E-1	1.15079182657159554E+0	
4.39500000000000009E-1	1.15073416262062716E+0	
4.40000000000000009E-1	1.15067642732187111E+0	
4.40500000000000009E-1	1.15061861797443831E+0	
4.41000000000000009E-1	1.15056073727921785E+0	
4.41500000000000009E-1	1.15050278253532064E+0	
4.42000000000000009E-1	1.15044474500248600E+0	
4.42500000000000009E-1	1.15038663342097461E+0	
4.43000000000000009E-1	1.15032845049167556E+0	
4.43500000000000009E-1	1.15027019351369976E+0	
4.44000000000000009E-1	1.15021186081780595E+0	
4.44500000000000009E-1	1.15015345407323540E+0	
4.45000000000000009E-1	1.15009496890985776E+0	
4.45500000000000009E-1	1.15003640969780337E+0	
4.46000000000000009E-1	1.14997777476783097E+0	
4.46500000000000009E-1	1.14991906578918183E+0	
4.47000000000000009E-1	1.14986028983287536E+0	
4.47500000000000009E-1	1.14980143108763146E+0	
4.48000000000000009E-1	1.14974249829371082E+0	
4.48500000000000009E-1	1.14968348708098308E+0	
4.49000000000000009E-1	1.14962440452046768E+0	
4.49500000000000009E-1	1.14956523647012577E+0	
4.50000000000000009E-1	1.14950600851314596E+0	
4.50500000000000009E-1	1.14944669069620929E+0	
4.51000000000000009E-1	1.14938731027174564E+0	
4.51500000000000009E-1	1.14932784705834457E+0	
4.52000000000000009E-1	1.14926830542613640E+0	
4.52500000000000009E-1	1.14920868974525148E+0	
4.53000000000000009E-1	1.14914900271657890E+0	
4.53500000000000009E-1	1.14908923726909924E+0	
4.54000000000000009E-1	1.14902940047383190E+0	
4.54500000000000009E-1	1.14896948255886840E+0	
4.55000000000000009E-1	1.14890949329611723E+0	
4.55500000000000009E-1	1.14884942124442863E+0	
4.56000000000000010E-1	1.14878927951419362E+0	
4.56500000000000010E-1	1.14872906206604061E+0	
4.57000000000000010E-1	1.14866875912806109E+0	
4.57500000000000010E-1	1.14860838921242424E+0	
4.58000000000000010E-1	1.14854794087798030E+0	
4.58500000000000010E-1	1.14848742119574870E+0	
4.59000000000000010E-1	1.14842682039382093E+0	
4.59500000000000010E-1	1.14836614387397515E+0	
4.60000000000000010E-1	1.14830539330545262E+0	
4.60500000000000010E-1	1.14824455994799266E+0	
4.61000000000000010E-1	1.14818365254185596E+0	
4.61500000000000010E-1	1.14812267815806193E+0	
4.62000000000000010E-1	1.14806161391431105E+0	
4.62500000000000010E-1	1.14800047832277250E+0	
4.63000000000000010E-1	1.14793926868255721E+0	
4.63500000000000010E-1	1.14787798062353483E+0	
4.64000000000000010E-1	1.14781662121672478E+0	
4.64500000000000010E-1	1.14775517632008822E+0	
4.65000000000000010E-1	1.14769366007566399E+0	
4.65500000000000010E-1	1.14763206978256302E+0	
4.66000000000000010E-1	1.14757039670052462E+0	
4.66500000000000010E-1	1.14750864956980947E+0	
4.67000000000000010E-1	1.14744682402028723E+0	
4.67500000000000010E-1	1.14738492005195790E+0	
4.68000000000000010E-1	1.14732294473584091E+0	
4.68500000000000010E-1	1.14726089100091683E+0	
4.69000000000000010E-1	1.14719875177616624E+0	
4.69500000000000010E-1	1.14713654557375832E+0	
4.70000000000000010E-1	1.14707426095254332E+0	
4.70500000000000010E-1	1.14701189354239088E+0	
4.71000000000000010E-1	1.14694945208356170E+0	
4.71500000000000010E-1	1.14688693927694485E+0	
4.72000000000000010E-1	1.14682434098050149E+0	
4.72500000000000010E-1	1.14676166426525105E+0	
4.73000000000000010E-1	1.14669892057234327E+0	
4.73500000000000010E-1	1.14663609409049807E+0	
4.74000000000000010E-1	1.14657318648895670E+0	
4.74500000000000010E-1	1.14651020316949732E+0	
4.75000000000000010E-1	1.14644714580136119E+0	
4.75500000000000010E-1	1.14638400294339856E+0	
4.76000000000000010E-1	1.14632078873764825E+0	
4.76500000000000010E-1	1.14625749174296052E+0	
4.77000000000000010E-1	1.14619412506972638E+0	
4.77500000000000010E-1	1.14613067560755481E+0	
4.78000000000000010E-1	1.14606714772657615E+0	
4.78500000000000010E-1	1.14600354849780983E+0	
4.79000000000000010E-1	1.14593986814934734E+0	
4.79500000000000010E-1	1.14587610501194742E+0	
4.80000000000000010E-1	1.14581226782587074E+0	
4.80500000000000010E-1	1.14574834785085665E+0	
4.81000000000000010E-1	1.14568435382716580E+0	
4.81500000000000010E-1	1.14562028845568728E+0	
4.82000000000000010E-1	1.14555613322425192E+0	
4.82500000000000010E-1	1.14549190394413981E+0	
4.83000000000000010E-1	1.14542759624522060E+0	
4.83500000000000010E-1	1.14536320575736398E+0	
4.84000000000000010E-1	1.14529874122083060E+0	
4.84500000000000010E-1	1.14523420970663989E+0	
4.85000000000000010E-1	1.14516958833249234E+0	
4.85500000000000010E-1	1.14510488853953769E+0	
4.86000000000000010E-1	1.14504011032777596E+0	
4.86500000000000010E-1	1.14497525369720714E+0	
4.87000000000000010E-1	1.14491031864783123E+0	
4.87500000000000010E-1	1.14484529810862881E+0	
4.88000000000000010E-1	1.14478020622163872E+0	
4.88500000000000010E-1	1.14471503591584155E+0	
4.89000000000000010E-1	1.14464978719123729E+0	
4.89500000000000010E-1	1.14458445734693685E+0	
4.90000000000000010E-1	1.14451905178471841E+0	
4.90500000000000010E-1	1.14445356073267346E+0	
4.91000000000000010E-1	1.14438799126182142E+0	
4.91500000000000010E-1	1.14432235044318171E+0	
4.92000000000000010E-1	1.14425662413471550E+0	
4.92500000000000010E-1	1.14419082377757253E+0	
4.93000000000000010E-1	1.14412494063149214E+0	
4.93500000000000010E-1	1.14405897199558523E+0	
4.94000000000000010E-1	1.14399293201189066E+0	
4.94500000000000010E-1	1.14392681360938900E+0	
4.95000000000000010E-1	1.14386060971706083E+0	
4.95500000000000010E-1	1.14379432740592557E+0	
4.96000000000000010E-1	1.14372796667598322E+0	
4.96500000000000010E-1	1.14366152752723378E+0	
4.97000000000000010E-1	1.14359500995967726E+0	
4.97500000000000010E-1	1.14352841397331364E+0	
4.98000000000000010E-1	1.14346173249712352E+0	
4.98500000000000010E-1	1.14339497967314573E+0	
4.99000000000000010E-1	1.14332813698921108E+0	
4.99500000000000010E-1	1.14326122025659969E+0	
5.00000000000000010E-1	1.14319422510518121E+0	
5.00500000000000010E-1	1.14312714009380588E+0	
5.01000000000000010E-1	1.14305998103375380E+0	
5.01500000000000010E-1	1.14299274625578372E+0	
5.02000000000000010E-1	1.14292543035811746E+0	
5.02500000000000010E-1	1.14285803167151378E+0	
5.03000000000000010E-1	1.14279054749508358E+0	
5.03500000000000010E-1	1.14272299197086572E+0	
5.04000000000000010E-1	1.14265535095682134E+0	
5.04500000000000010E-1	1.14258763152396988E+0	
5.05000000000000010E-1	1.14251982660129190E+0	
5.05500000000000011E-1	1.14245195033082626E+0	
5.06000000000000011E-1	1.14238398857053411E+0	
5.06500000000000011E-1	1.14231594402130453E+0	
5.07000000000000011E-1	1.14224782542339820E+0	
5.07500000000000011E-1	1.14217961696553502E+0	
5.08000000000000011E-1	1.14211133008886475E+0	
5.08500000000000011E-1	1.14204296479338740E+0	
5.09000000000000011E-1	1.14197451400808353E+0	
5.09500000000000011E-1	1.14190599187499199E+0	
5.10000000000000011E-1	1.14183738425207395E+0	
5.10500000000000011E-1	1.14176869113932939E+0	
5.11000000000000011E-1	1.14169992230866683E+0	
5.11500000000000011E-1	1.14163107235830809E+0	
5.12000000000000011E-1	1.14156213961901193E+0	
5.12500000000000011E-1	1.14149312138988925E+0	
5.13000000000000011E-1	1.14142402474195949E+0	
5.13500000000000011E-1	1.14135484967522263E+0	
5.14000000000000011E-1	1.14128559618967869E+0	
5.14500000000000011E-1	1.14121625284417790E+0	
5.15000000000000011E-1	1.14114682400885060E+0	
5.15500000000000011E-1	1.14107732819586597E+0	
5.16000000000000011E-1	1.14100773815279414E+0	
5.16500000000000011E-1	1.14093807843117591E+0	
5.17000000000000011E-1	1.14086832447947049E+0	
5.17500000000000011E-1	1.14079849647908832E+0	
5.18000000000000011E-1	1.14072857861874930E+0	
5.18500000000000011E-1	1.14065858941062261E+0	
5.19000000000000011E-1	1.14058850764164999E+0	
5.19500000000000011E-1	1.14051835452488970E+0	
5.20000000000000011E-1	1.14044811154817256E+0	
5.20500000000000011E-1	1.14037778745175925E+0	
5.21000000000000011E-1	1.14030738056640851E+0	
5.21500000000000011E-1	1.14023689526225068E+0	
5.22000000000000011E-1	1.14016632009813600E+0	
5.22500000000000011E-1	1.14009567088534457E+0	
5.23000000000000011E-1	1.14002493888361571E+0	
5.23500000000000011E-1	1.13995412139206034E+0	
5.24000000000000011E-1	1.13988321841067846E+0	
5.24500000000000011E-1	1.13981223701048949E+0	
5.25000000000000011E-1	1.13974117282136309E+0	
5.25500000000000011E-1	1.13967002314241018E+0	
5.26000000000000011E-1	1.13959879504465018E+0	
5.26500000000000011E-1	1.13952747438604424E+0	
5.27000000000000011E-1	1.13945607800952030E+0	
5.27500000000000011E-1	1.13938459614316985E+0	
5.28000000000000011E-1	1.13931303585801231E+0	
5.28500000000000011E-1	1.13924139008302826E+0	
5.29000000000000011E-1	1.13916966588923712E+0	
5.29500000000000011E-1	1.13909785183548912E+0	
5.30000000000000011E-1	1.13902594792178428E+0	
5.30500000000000011E-1	1.13895397703042211E+0	
5.31000000000000011E-1	1.13888190920808367E+0	
5.31500000000000011E-1	1.13880976296693813E+0	
5.32000000000000011E-1	1.13873753123596609E+0	
5.32500000000000011E-1	1.13866522108618695E+0	
5.33000000000000011E-1	1.13859282107645097E+0	
5.33500000000000011E-1	1.13852034264790789E+0	
5.34000000000000011E-1	1.13844777435940797E+0	
5.34500000000000011E-1	1.13837512765210095E+0	
5.35000000000000011E-1	1.13830239545496742E+0	
5.35500000000000011E-1	1.13822957776800739E+0	
5.36000000000000011E-1	1.13815667729210992E+0	
5.36500000000000011E-1	1.13808369132638594E+0	
5.37000000000000011E-1	1.13801062694185487E+0	
5.37500000000000011E-1	1.13793747706749729E+0	
5.38000000000000011E-1	1.13786423296305252E+0	
5.38500000000000011E-1	1.13779091480993100E+0	
5.39000000000000011E-1	1.13771751116698297E+0	
5.39500000000000011E-1	1.13764401329394774E+0	
5.40000000000000011E-1	1.13757044137223577E+0	
5.40500000000000011E-1	1.13749677959056695E+0	
5.41000000000000011E-1	1.13742303231907161E+0	
5.41500000000000011E-1	1.13734920662876918E+0	
5.42000000000000011E-1	1.13727529107850991E+0	
5.42500000000000011E-1	1.13720129003842412E+0	
5.43000000000000011E-1	1.13712720620940090E+0	
5.43500000000000011E-1	1.13705304126068151E+0	
5.44000000000000011E-1	1.13697878208187493E+0	
5.44500000000000011E-1	1.13690444885439160E+0	
5.45000000000000011E-1	1.13683001432580165E+0	
5.45500000000000011E-1	1.13675550574853496E+0	
5.46000000000000011E-1	1.13668091438233084E+0	
5.46500000000000011E-1	1.13660623045528078E+0	
5.47000000000000011E-1	1.13653146373929329E+0	
5.47500000000000011E-1	1.13645661153347929E+0	
5.48000000000000011E-1	1.13638168090885821E+0	
5.48500000000000011E-1	1.13630665335326084E+0	
5.49000000000000011E-1	1.13623154300872605E+0	
5.49500000000000011E-1	1.13615635154449509E+0	
5.50000000000000011E-1	1.13608106585017693E+0	
5.50500000000000011E-1	1.13600570610718203E+0	
5.51000000000000011E-1	1.13593024943321085E+0	
5.51500000000000011E-1	1.13585470997030224E+0	
5.52000000000000012E-1	1.13577908501756712E+0	
5.52500000000000012E-1	1.13570337457500549E+0	
5.53000000000000012E-1	1.13562758134350643E+0	
5.53500000000000012E-1	1.13555169555116144E+0	
5.54000000000000012E-1	1.13547572696987901E+0	
5.54500000000000012E-1	1.13539967289877008E+0	
5.55000000000000012E-1	1.13532352189668487E+0	
5.55500000000000012E-1	1.13524729954681199E+0	
5.56000000000000012E-1	1.13517098026596284E+0	
5.56500000000000012E-1	1.13509457549528717E+0	
5.57000000000000012E-1	1.13501808086465466E+0	
5.57500000000000012E-1	1.13494150781521505E+0	
5.58000000000000012E-1	1.13486484490581860E+0	
5.58500000000000012E-1	1.13478808943557620E+0	
5.59000000000000012E-1	1.13471125117639638E+0	
5.59500000000000012E-1	1.13463432742739005E+0	
5.60000000000000012E-1	1.13455731381842687E+0	
5.60500000000000012E-1	1.13448021471963717E+0	
5.61000000000000012E-1	1.13440302576089062E+0	
5.61500000000000012E-1	1.13432575131231756E+0	
5.62000000000000012E-1	1.13424838700378765E+0	
5.62500000000000012E-1	1.13417093990632031E+0	
5.63000000000000012E-1	1.13409340024800703E+0	
5.63500000000000012E-1	1.13401577509986724E+0	
5.64000000000000012E-1	1.13393806009177060E+0	
5.64500000000000012E-1	1.13386025522371711E+0	
5.65000000000000012E-1	1.13378236486583711E+0	
5.65500000000000012E-1	1.13370439171901967E+0	
5.66000000000000012E-1	1.13362632601135631E+0	
5.66500000000000012E-1	1.13354817044373609E+0	
5.67000000000000012E-1	1.13346992501615901E+0	
5.67500000000000012E-1	1.13339159409875543E+0	
5.68000000000000012E-1	1.13331317332139499E+0	
5.68500000000000012E-1	1.13323466705420804E+0	
5.69000000000000012E-1	1.13315607092706424E+0	
5.69500000000000012E-1	1.13307738931009393E+0	
5.70000000000000012E-1	1.13299861346303643E+0	
5.70500000000000012E-1	1.13291974942526333E+0	
5.71000000000000012E-1	1.13284079822842246E+0	
5.71500000000000012E-1	1.13276175447073565E+0	
5.72000000000000012E-1	1.13268263229424176E+0	
5.72500000000000012E-1	1.13260340881664125E+0	
5.73000000000000012E-1	1.13252409984921423E+0	
5.73500000000000012E-1	1.13244470539196070E+0	
5.74000000000000012E-1	1.13236522107475032E+0	
5.74500000000000012E-1	1.13228563982656366E+0	
5.75000000000000012E-1	1.13220597578943957E+0	
5.75500000000000012E-1	1.13212621919146955E+0	
5.76000000000000012E-1	1.13204637273354267E+0	
5.76500000000000012E-1	1.13196644078578928E+0	
5.77000000000000012E-1	1.13188641460794870E+0	
5.77500000000000012E-1	1.13180629586926219E+0	
5.78000000000000012E-1	1.13172609871176858E+0	
5.78500000000000012E-1	1.13164580025316837E+0	
5.79000000000000012E-1	1.13156542067487197E+0	
5.79500000000000012E-1	1.13148493979546897E+0	
5.80000000000000012E-1	1.13140437612712853E+0	
5.80500000000000012E-1	1.13132371989794216E+0	
5.81000000000000012E-1	1.13124297380879894E+0	
5.81500000000000012E-1	1.13116213515880978E+0	
5.82000000000000012E-1	1.13108120934975285E+0	
5.82500000000000012E-1	1.13100019097984999E+0	
5.83000000000000012E-1	1.13091908712012062E+0	
5.83500000000000012E-1	1.13083788195928463E+0	
5.84000000000000012E-1	1.13075658693849178E+0	
5.84500000000000012E-1	1.13067520642787243E+0	
5.85000000000000012E-1	1.13059374042742656E+0	
5.85500000000000012E-1	1.13051217312587408E+0	
5.86000000000000012E-1	1.13043052033449509E+0	
5.86500000000000012E-1	1.13034876624200948E+0	
5.87000000000000012E-1	1.13026692665969736E+0	
5.87500000000000012E-1	1.13018500158755873E+0	
5.88000000000000012E-1	1.13010297521431348E+0	
5.88500000000000012E-1	1.13002086335124172E+0	
5.89000000000000012E-1	1.12993866162821310E+0	
5.89500000000000012E-1	1.12985635860407788E+0	
5.90000000000000012E-1	1.12977397446024648E+0	
5.90500000000000012E-1	1.12969148901530846E+0	
5.91000000000000012E-1	1.12960891808054393E+0	
5.91500000000000012E-1	1.12952624584467279E+0	
5.92000000000000012E-1	1.12944348811897513E+0	
5.92500000000000012E-1	1.12936064053332063E+0	
5.93000000000000012E-1	1.12927770038682018E+0	
5.93500000000000012E-1	1.12919466601023255E+0	
5.94000000000000012E-1	1.12911153470266864E+0	
5.94500000000000012E-1	1.12902831083425879E+0	
5.95000000000000012E-1	1.12894500417691152E+0	
5.95500000000000012E-1	1.12886158914743821E+0	
5.96000000000000012E-1	1.12877808862813838E+0	
5.96500000000000012E-1	1.12869449824888170E+0	
5.97000000000000012E-1	1.12861081530877909E+0	
5.97500000000000012E-1	1.12852703106756986E+0	
5.98000000000000012E-1	1.12844315696640378E+0	
5.98500000000000012E-1	1.12835919030439176E+0	
5.99000000000000012E-1	1.12827512941229255E+0	
5.99500000000000012E-1	1.12819098303036683E+0	
6.00000000000000012E-1	1.12810673264644541E+0	
6.00500000000000012E-1	1.12802238803243680E+0	
6.01000000000000012E-1	1.12793795792860168E+0	
6.01500000000000012E-1	1.12785342382277086E+0	
6.02000000000000013E-1	1.12776879985698318E+0	
6.02500000000000013E-1	1.12768408603123866E+0	
6.03000000000000013E-1	1.12759927527451785E+0	
6.03500000000000013E-1	1.12751436758682078E+0	
6.04000000000000013E-1	1.12742936296814742E+0	
6.04500000000000013E-1	1.12734426848951722E+0	
6.05000000000000013E-1	1.12725907707991074E+0	
6.05500000000000013E-1	1.12717379581034741E+0	
6.06000000000000013E-1	1.12708841760980780E+0	
6.06500000000000013E-1	1.12700294247829191E+0	
6.07000000000000013E-1	1.12691737041579975E+0	
6.07500000000000013E-1	1.12683170142233132E+0	
6.08000000000000013E-1	1.12674594256890603E+0	
6.08500000000000013E-1	1.12666008678450447E+0	
6.09000000000000013E-1	1.12657413406912663E+0	
6.09500000000000013E-1	1.12648809149379194E+0	
6.10000000000000013E-1	1.12640194491646155E+0	
6.10500000000000013E-1	1.12631571555019373E+0	
6.11000000000000013E-1	1.12622937074078045E+0	
6.11500000000000013E-1	1.12614294751256009E+0	
6.12000000000000013E-1	1.12605642028234402E+0	
6.12500000000000013E-1	1.12596979882204076E+0	
6.13000000000000013E-1	1.12588308480089156E+0	
6.13500000000000013E-1	1.12579626240761633E+0	
6.14000000000000013E-1	1.12570935722540366E+0	
6.14500000000000013E-1	1.12562234804119530E+0	
6.15000000000000013E-1	1.12553524192601066E+0	
6.15500000000000013E-1	1.12544803887984975E+0	
6.16000000000000013E-1	1.12536074597373199E+0	
6.16500000000000013E-1	1.12527334469548818E+0	
6.17000000000000013E-1	1.12518585792741787E+0	
6.17500000000000013E-1	1.12509826985824093E+0	
6.18000000000000013E-1	1.12501057778706830E+0	
6.18500000000000013E-1	1.12492280022606916E+0	
6.19000000000000013E-1	1.12483491699383306E+0	
6.19500000000000013E-1	1.12474694120075103E+0	
6.20000000000000013E-1	1.12465886140567329E+0	
6.20500000000000013E-1	1.12457068738050837E+0	
6.21000000000000013E-1	1.12448241642436717E+0	
6.21500000000000013E-1	1.12439404853724969E+0	
6.22000000000000013E-1	1.12430558371915594E+0	
6.22500000000000013E-1	1.12421701489906649E+0	
6.23000000000000013E-1	1.12412835184888984E+0	
6.23500000000000013E-1	1.12403958479671750E+0	
6.24000000000000013E-1	1.12395072788458831E+0	
6.24500000000000013E-1	1.12386176697046341E+0	
6.25000000000000013E-1	1.12377271182625133E+0	
6.25500000000000013E-1	1.12368355268004355E+0	
6.26000000000000013E-1	1.12359429660285949E+0	
6.26500000000000013E-1	1.12350494359469915E+0	
6.27000000000000013E-1	1.12341548928543220E+0	
6.27500000000000013E-1	1.12332593097416955E+0	
6.28000000000000013E-1	1.12323628280295005E+0	
6.28500000000000013E-1	1.12314653062973484E+0	
6.29000000000000013E-1	1.12305667715541303E+0	
6.29500000000000013E-1	1.12296672675011493E+0	
6.30000000000000013E-1	1.12287666797269080E+0	
6.30500000000000013E-1	1.12278652370544016E+0	
6.31000000000000013E-1	1.12269627106606348E+0	
6.31500000000000013E-1	1.12260591712558018E+0	
6.32000000000000013E-1	1.12251547062425094E+0	
6.32500000000000013E-1	1.12242491138066533E+0	
6.33000000000000013E-1	1.12233425957623378E+0	
6.33500000000000013E-1	1.12224350647069562E+0	
6.34000000000000013E-1	1.12215265643418118E+0	
6.34500000000000013E-1	1.12206169802554070E+0	
6.35000000000000013E-1	1.12197064705605429E+0	
6.35500000000000013E-1	1.12187948334431149E+0	
6.36000000000000013E-1	1.12178823414274219E+0	
6.36500000000000013E-1	1.12169687656904684E+0	
6.37000000000000013E-1	1.12160541062322546E+0	
6.37500000000000013E-1	1.12151384774642780E+0	
6.38000000000000013E-1	1.12142218793865387E+0	
6.38500000000000013E-1	1.12133041975875389E+0	
6.39000000000000013E-1	1.12123855464787764E+0	
6.39500000000000013E-1	1.12114658116487535E+0	
6.40000000000000013E-1	1.12105451075089679E+0	
6.40500000000000013E-1	1.12096233903581161E+0	
6.41000000000000013E-1	1.12087006331873073E+0	
6.41500000000000013E-1	1.12077768359965415E+0	
6.42000000000000013E-1	1.12068520257947096E+0	
6.42500000000000013E-1	1.12059262025818115E+0	
6.43000000000000013E-1	1.12049993393489564E+0	
6.43500000000000013E-1	1.12040715068063386E+0	
6.44000000000000013E-1	1.12031425905424604E+0	
6.44500000000000013E-1	1.12022125905573217E+0	
6.45000000000000013E-1	1.12012816212624204E+0	
6.45500000000000013E-1	1.12003495682462586E+0	
6.46000000000000013E-1	1.11994165459203341E+0	
6.46500000000000013E-1	1.11984824398731492E+0	
6.47000000000000013E-1	1.11975472938060073E+0	
6.47500000000000014E-1	1.11966111347277992E+0	
6.48000000000000014E-1	1.11956739356296342E+0	
6.48500000000000014E-1	1.11947357235204029E+0	
6.49000000000000014E-1	1.11937963569797171E+0	
6.49500000000000014E-1	1.11928560918394628E+0	
6.50000000000000014E-1	1.11919146722677538E+0	
6.50500000000000014E-1	1.11909722396849786E+0	
6.51000000000000014E-1	1.11900287670822465E+0	
6.51500000000000014E-1	1.11890842107582540E+0	
6.52000000000000014E-1	1.11881386851244987E+0	
6.52500000000000014E-1	1.11871920050592888E+0	
6.53000000000000014E-1	1.11862443119830128E+0	
6.53500000000000014E-1	1.11852955788867797E+0	
6.54000000000000014E-1	1.11843458327794805E+0	
6.54500000000000014E-1	1.11833949322407267E+0	
6.55000000000000014E-1	1.11824430623922101E+0	
6.55500000000000014E-1	1.11814900651211297E+0	
6.56000000000000014E-1	1.11805360715313958E+0	
6.56500000000000014E-1	1.11795809505190980E+0	
6.57000000000000014E-1	1.11786247894868433E+0	
6.57500000000000014E-1	1.11776676154435224E+0	
6.58000000000000014E-1	1.11767092869687468E+0	
6.58500000000000014E-1	1.11757499891842085E+0	
6.59000000000000014E-1	1.11747894932669122E+0	
6.59500000000000014E-1	1.11738280280398532E+0	
6.60000000000000014E-1	1.11728654790915337E+0	
6.60500000000000014E-1	1.11719018194130630E+0	
6.61000000000000014E-1	1.11709371030222228E+0	
6.61500000000000014E-1	1.11699713466114255E+0	
6.62000000000000014E-1	1.11690044357691737E+0	
6.62500000000000014E-1	1.11680365119158557E+0	
6.63000000000000014E-1	1.11670675480425806E+0	
6.63500000000000014E-1	1.11660973860365476E+0	
6.64000000000000014E-1	1.11651262547207518E+0	
6.64500000000000014E-1	1.11641539252721980E+0	
6.65000000000000014E-1	1.11631805558036872E+0	
6.65500000000000014E-1	1.11622061026139160E+0	
6.66000000000000014E-1	1.11612305657028844E+0	
6.66500000000000014E-1	1.11602539887718958E+0	
6.67000000000000014E-1	1.11592762844183435E+0	
6.67500000000000014E-1	1.11582974693346398E+0	
6.68000000000000014E-1	1.11573175268283725E+0	
6.68500000000000014E-1	1.11563365006008447E+0	
6.69000000000000014E-1	1.11553544343533599E+0	
6.69500000000000014E-1	1.11543712843846147E+0	
6.70000000000000014E-1	1.11533869799844150E+0	
6.70500000000000014E-1	1.11524015481616514E+0	
6.71000000000000014E-1	1.11514150763189308E+0	
6.71500000000000014E-1	1.11504274500447556E+0	
6.72000000000000014E-1	1.11494387400493200E+0	
6.72500000000000014E-1	1.11484489463326240E+0	
6.73000000000000014E-1	1.11474580251933643E+0	
6.73500000000000014E-1	1.11464659933239533E+0	
6.74000000000000014E-1	1.11454728777332819E+0	
6.74500000000000014E-1	1.11444786077111558E+0	
6.75000000000000014E-1	1.11434832102664660E+0	
6.75500000000000014E-1	1.11424867020916250E+0	
6.76000000000000014E-1	1.11414890664942202E+0	
6.76500000000000014E-1	1.11404903908768584E+0	
6.77000000000000014E-1	1.11394905171267385E+0	
6.77500000000000014E-1	1.11384896033566617E+0	
6.78000000000000014E-1	1.11374874914538268E+0	
6.78500000000000014E-1	1.11364842958297316E+0	
6.79000000000000014E-1	1.11354799457741817E+0	
6.79500000000000014E-1	1.11344743975858738E+0	
6.80000000000000014E-1	1.11334678093776089E+0	
6.80500000000000014E-1	1.11324600230365860E+0	
6.81000000000000014E-1	1.11314511966756060E+0	
6.81500000000000014E-1	1.11304411721818681E+0	
6.82000000000000014E-1	1.11294300639668698E+0	
6.82500000000000014E-1	1.11284177576191134E+0	
6.83000000000000014E-1	1.11274043405412058E+0	
6.83500000000000014E-1	1.11263897253305402E+0	
6.84000000000000014E-1	1.11253740263986142E+0	
6.84500000000000014E-1	1.11243571730352336E+0	
6.85000000000000014E-1	1.11233392359505925E+0	
6.85500000000000014E-1	1.11223200300229993E+0	
6.86000000000000014E-1	1.11212997403741456E+0	
6.86500000000000014E-1	1.11202782525925339E+0	
6.87000000000000014E-1	1.11192556540807709E+0	
6.87500000000000014E-1	1.11182319281464442E+0	
6.88000000000000014E-1	1.11172069770704686E+0	
6.88500000000000014E-1	1.11161808985719293E+0	
6.89000000000000014E-1	1.11151537093432387E+0	
6.89500000000000014E-1	1.11141252782804866E+0	
6.90000000000000014E-1	1.11130957364875834E+0	
6.90500000000000014E-1	1.11120649965619221E+0	
6.91000000000000014E-1	1.11110331729150004E+0	
6.91500000000000014E-1	1.11100000804251265E+0	
6.92000000000000014E-1	1.11089658335037979E+0	
6.92500000000000014E-1	1.11079304591599056E+0	
6.93000000000000014E-1	1.11068938596743644E+0	
6.93500000000000014E-1	1.11058561057573685E+0	
6.94000000000000014E-1	1.11048171537076147E+0	
6.94500000000000014E-1	1.11037770472264062E+0	
6.95000000000000014E-1	1.11027358133226339E+0	
6.95500000000000014E-1	1.11016932835670185E+0	
6.96000000000000014E-1	1.11006496263888393E+0	
6.96500000000000014E-1	1.10996048147792055E+0	
6.97000000000000014E-1	1.10985587343266195E+0	
6.97500000000000014E-1	1.10975115701527730E+0	
6.98000000000000014E-1	1.10964631371359743E+0	
6.98500000000000015E-1	1.10954135496877209E+0	
6.99000000000000015E-1	1.10943627641067096E+0	
6.99500000000000015E-1	1.10933107533840493E+0	
7.00000000000000015E-1	1.10922576152388253E+0	
7.00500000000000015E-1	1.10912031375404548E+0	
7.01000000000000015E-1	1.10901475761208239E+0	
7.01500000000000015E-1	1.10890907458582407E+0	
7.02000000000000015E-1	1.10880327174628995E+0	
7.02500000000000015E-1	1.10869735346361037E+0	
7.03000000000000015E-1	1.10859131266676590E+0	
7.03500000000000015E-1	1.10848514768651529E+0	
7.04000000000000015E-1	1.10837886019209979E+0	
7.04500000000000015E-1	1.10827245288440849E+0	
7.05000000000000015E-1	1.10816593013357172E+0	
7.05500000000000015E-1	1.10805928049843973E+0	
7.06000000000000015E-1	1.10795250397901252E+0	
7.06500000000000015E-1	1.10784560764630950E+0	
7.07000000000000015E-1	1.10773859587046102E+0	
7.07500000000000015E-1	1.10763145284018697E+0	
7.08000000000000015E-1	1.10752418729574804E+0	
7.08500000000000015E-1	1.10741679486701388E+0	
7.09000000000000015E-1	1.10730928699513426E+0	
7.09500000000000015E-1	1.10720165493984849E+0	
7.10000000000000015E-1	1.10709390037039784E+0	
7.10500000000000015E-1	1.10698601891665196E+0	
7.11000000000000015E-1	1.10687801057861086E+0	
7.11500000000000015E-1	1.10676988679742429E+0	
7.12000000000000015E-1	1.10666163176181216E+0	
7.12500000000000015E-1	1.10655324984190480E+0	
7.13000000000000015E-1	1.10644474540783255E+0	
7.13500000000000015E-1	1.10633612116048451E+0	
7.14000000000000015E-1	1.10622735858769147E+0	
7.14500000000000015E-1	1.10611848057175297E+0	
7.15000000000000015E-1	1.10600947567151924E+0	
7.15500000000000015E-1	1.10590034388699029E+0	
7.16000000000000015E-1	1.10579109228918553E+0	
7.16500000000000015E-1	1.10568170673606613E+0	
7.17000000000000015E-1	1.10557218992852116E+0	
7.17500000000000015E-1	1.10546255767783072E+0	
7.18000000000000015E-1	1.10535279147182564E+0	
7.18500000000000015E-1	1.10524289838152533E+0	
7.19000000000000015E-1	1.10513287840692979E+0	
7.19500000000000015E-1	1.10502272717790869E+0	
7.20000000000000015E-1	1.10491245343472270E+0	
7.20500000000000015E-1	1.10480204843711115E+0	
7.21000000000000015E-1	1.10469151655520436E+0	
7.21500000000000015E-1	1.10458086215913270E+0	
7.22000000000000015E-1	1.10447006506748570E+0	
7.22500000000000015E-1	1.10435914546167382E+0	
7.23000000000000015E-1	1.10424810604258613E+0	
7.23500000000000015E-1	1.10413692122703403E+0	
7.24000000000000015E-1	1.10402562096833647E+0	
7.24500000000000015E-1	1.10391418238419392E+0	
7.25000000000000015E-1	1.10380261691575614E+0	
7.25500000000000015E-1	1.10369092456302313E+0	
7.26000000000000015E-1	1.10357909388484514E+0	
7.26500000000000015E-1	1.10346712925135249E+0	
7.27000000000000015E-1	1.10335504043445371E+0	
7.27500000000000015E-1	1.10324282203237061E+0	
7.28000000000000015E-1	1.10313046530484253E+0	
7.28500000000000015E-1	1.10301798169301921E+0	
7.29000000000000015E-1	1.10290536682677033E+0	
7.29500000000000015E-1	1.10279262237533715E+0	
7.30000000000000015E-1	1.10267973522832863E+0	
7.30500000000000015E-1	1.10256672556715522E+0	
7.31000000000000015E-1	1.10245357321040649E+0	
7.31500000000000015E-1	1.10234029833949287E+0	
7.32000000000000015E-1	1.10222688514313426E+0	
7.32500000000000015E-1	1.10211333799146100E+0	
7.33000000000000015E-1	1.10199965251434275E+0	
7.33500000000000015E-1	1.10188583578279893E+0	
7.34000000000000015E-1	1.10177188509594047E+0	
7.34500000000000015E-1	1.10165780752478677E+0	
7.35000000000000015E-1	1.10154358455716867E+0	
7.35500000000000015E-1	1.10142923470525534E+0	
7.36000000000000015E-1	1.10131473945687759E+0	
7.36500000000000015E-1	1.10120011295407428E+0	
7.37000000000000015E-1	1.10108535249595632E+0	
7.37500000000000015E-1	1.10097045371239337E+0	
7.38000000000000015E-1	1.10085541660338543E+0	
7.38500000000000015E-1	1.10074024553906284E+0	
7.39000000000000015E-1	1.10062494051942560E+0	
7.39500000000000015E-1	1.10050949987523245E+0	
7.40000000000000015E-1	1.10039391820470523E+0	
7.40500000000000015E-1	1.10027819113771360E+0	
7.41000000000000015E-1	1.10016233718642674E+0	
7.41500000000000015E-1	1.10004634490969489E+0	
7.42000000000000015E-1	1.09993020286636829E+0	
7.42500000000000015E-1	1.09981392686772704E+0	
7.43000000000000015E-1	1.09969751691377113E+0	
7.43500000000000016E-1	1.09958096426423990E+0	
7.44000000000000016E-1	1.09946427058837460E+0	
7.44500000000000016E-1	1.09934743858706430E+0	
7.45000000000000016E-1	1.09923046826030902E+0	
7.45500000000000016E-1	1.09911335960810874E+0	
7.46000000000000016E-1	1.09899610555944406E+0	
7.46500000000000016E-1	1.09887870611431495E+0	
7.47000000000000016E-1	1.09876117271387120E+0	
7.47500000000000016E-1	1.09864349661785212E+0	
7.48000000000000016E-1	1.09852567949549897E+0	
7.48500000000000016E-1	1.09840771967757048E+0	
7.49000000000000016E-1	1.09828961883330793E+0	
7.49500000000000016E-1	1.09817136822245062E+0	
7.50000000000000016E-1	1.09805297928614832E+0	
7.50500000000000016E-1	1.09793444932351194E+0	
7.51000000000000016E-1	1.09781577666530024E+0	
7.51500000000000016E-1	1.09769695153960470E+0	
7.52000000000000016E-1	1.09757798808846417E+0	
7.52500000000000016E-1	1.09745888631187865E+0	
7.53000000000000016E-1	1.09733963206780929E+0	
7.53500000000000016E-1	1.09722022805714518E+0	
7.54000000000000016E-1	1.09710069009116642E+0	
7.54500000000000016E-1	1.09698100235859291E+0	
7.55000000000000016E-1	1.09686116922955498E+0	
7.55500000000000016E-1	1.09674119070405264E+0	
7.56000000000000016E-1	1.09662106241195555E+0	
7.56500000000000016E-1	1.09650078165237462E+0	
7.57000000000000016E-1	1.09638036256734870E+0	
7.57500000000000016E-1	1.09625979808585837E+0	
7.58000000000000016E-1	1.09613908383777328E+0	
7.58500000000000016E-1	1.09601821712220436E+0	
7.59000000000000016E-1	1.09589720064004068E+0	
7.59500000000000016E-1	1.09577605020256235E+0	
7.60000000000000016E-1	1.09565473855733951E+0	
7.60500000000000016E-1	1.09553327444463283E+0	
7.61000000000000016E-1	1.09541166493546173E+0	
7.61500000000000016E-1	1.09528990565969589E+0	
7.62000000000000016E-1	1.09516800098746563E+0	
7.62500000000000016E-1	1.09504593947762119E+0	
7.63000000000000016E-1	1.09492373257131234E+0	
7.63500000000000016E-1	1.09480136882738931E+0	
7.64000000000000016E-1	1.09467885968700187E+0	
7.64500000000000016E-1	1.09455618933886991E+0	
7.65000000000000016E-1	1.09443337089338446E+0	
7.65500000000000016E-1	1.09431040975232367E+0	
7.66000000000000016E-1	1.09418728033249895E+0	
7.66500000000000016E-1	1.09406400281532073E+0	
7.67000000000000016E-1	1.09394058260256718E+0	
7.67500000000000016E-1	1.09381699411104968E+0	
7.68000000000000016E-1	1.09369325315204836E+0	
7.68500000000000016E-1	1.09356936679658261E+0	
7.69000000000000016E-1	1.09344531923337235E+0	
7.69500000000000016E-1	1.09332111920267826E+0	
7.70000000000000016E-1	1.09319675526335056E+0	
7.70500000000000016E-1	1.09307224862844753E+0	
7.71000000000000016E-1	1.09294757808491091E+0	
7.71500000000000016E-1	1.09282275070376010E+0	
7.72000000000000016E-1	1.09269777085512546E+0	
7.72500000000000016E-1	1.09257262272772688E+0	
7.73000000000000016E-1	1.09244732483373355E+0	
7.73500000000000016E-1	1.09232187447225638E+0	
7.74000000000000016E-1	1.09219625583201527E+0	
7.74500000000000016E-1	1.09207048035415998E+0	
7.75000000000000016E-1	1.09194455240882085E+0	
7.75500000000000016E-1	1.09181845618471779E+0	
7.76000000000000016E-1	1.09169220312300054E+0	
7.76500000000000016E-1	1.09156579322366912E+0	
7.77000000000000016E-1	1.09143921504557376E+0	
7.77500000000000016E-1	1.09131247732897514E+0	
7.78000000000000016E-1	1.09118558547565143E+0	
7.78500000000000016E-1	1.09105852264267469E+0	
7.79000000000000016E-1	1.09093131004310320E+0	
7.79500000000000016E-1	1.09080392646387868E+0	
7.80000000000000016E-1	1.09067638167690965E+0	
7.80500000000000016E-1	1.09054867298130702E+0	
7.81000000000000016E-1	1.09042079600694045E+0	
7.81500000000000016E-1	1.09029275949407061E+0	
7.82000000000000016E-1	1.09016455740332592E+0	
7.82500000000000016E-1	1.09003619577407797E+0	
7.83000000000000016E-1	1.08990766586606608E+0	
7.83500000000000016E-1	1.08977896060827082E+0	
7.84000000000000016E-1	1.08965009851286139E+0	
7.84500000000000016E-1	1.08952106813868802E+0	
7.85000000000000016E-1	1.08939187385588105E+0	
7.85500000000000016E-1	1.08926250422329071E+0	
7.86000000000000016E-1	1.08913297775308619E+0	
7.86500000000000016E-1	1.08900327593309832E+0	
7.87000000000000016E-1	1.08887340583434650E+0	
7.87500000000000016E-1	1.08874337182696108E+0	
7.88000000000000016E-1	1.08861316246979230E+0	
7.88500000000000016E-1	1.08848278483385957E+0	
7.89000000000000016E-1	1.08835224328929325E+0	
7.89500000000000016E-1	1.08822152202481322E+0	
7.90000000000000016E-1	1.08809062978068017E+0	
7.90500000000000016E-1	1.08795956925778318E+0	
7.91000000000000016E-1	1.08782834045612224E+0	
7.91500000000000016E-1	1.08769692923365852E+0	
7.92000000000000016E-1	1.08756535680345029E+0	
7.92500000000000016E-1	1.08743360195243926E+0	
7.93000000000000016E-1	1.08730167612177521E+0	
7.93500000000000016E-1	1.08716957764221688E+0	
7.94000000000000016E-1	1.08703730381287519E+0	
7.94500000000000017E-1	1.08690485463375013E+0	
7.95000000000000017E-1	1.08677223010484171E+0	
7.95500000000000017E-1	1.08663943022614993E+0	
7.96000000000000017E-1	1.08650644792665535E+0	
7.96500000000000017E-1	1.08637329297826650E+0	
7.97000000000000017E-1	1.08623996705022462E+0	
7.97500000000000017E-1	1.08610645433124962E+0	
7.98000000000000017E-1	1.08597276189236091E+0	
7.98500000000000017E-1	1.08583889847381918E+0	
7.99000000000000017E-1	1.08570484826434432E+0	
7.99500000000000017E-1	1.08557062977610551E+0	
8.00000000000000017E-1	1.08543621742591416E+0	
8.00500000000000017E-1	1.08530162972593945E+0	
8.01000000000000017E-1	1.08516686230605103E+0	
8.01500000000000017E-1	1.08503191246535982E+0	
8.02000000000000017E-1	1.08489677583373548E+0	
8.02500000000000017E-1	1.08476146385232779E+0	
8.03000000000000017E-1	1.08462595800896753E+0	
8.03500000000000017E-1	1.08449027681582392E+0	
8.04000000000000017E-1	1.08435441590276660E+0	
8.04500000000000017E-1	1.08421836112775673E+0	
8.05000000000000017E-1	1.08408212393194408E+0	
8.05500000000000017E-1	1.08394569994519829E+0	
8.06000000000000017E-1	1.08380909623853880E+0	
8.06500000000000017E-1	1.08367229159890734E+0	
8.07000000000000017E-1	1.08353531431038160E+0	
8.07500000000000017E-1	1.08339814045901422E+0	
8.08000000000000017E-1	1.08326078251760280E+0	
8.08500000000000017E-1	1.08312323508436916E+0	
8.09000000000000017E-1	1.08298548941905264E+0	
8.09500000000000017E-1	1.08284756133293332E+0	
8.10000000000000017E-1	1.08270944208575054E+0	
8.10500000000000017E-1	1.08257113334674555E+0	
8.11000000000000017E-1	1.08243263344667710E+0	
8.11500000000000017E-1	1.08229393968465609E+0	
8.12000000000000017E-1	1.08215505206068253E+0	
8.12500000000000017E-1	1.08201597057475641E+0	
8.13000000000000017E-1	1.08187669085674741E+0	
8.13500000000000017E-1	1.08173722434780528E+0	
8.14000000000000017E-1	1.08159756397691060E+0	
8.14500000000000017E-1	1.08145770267304394E+0	
8.15000000000000017E-1	1.08131765020811382E+0	
8.15500000000000017E-1	1.08117739244008138E+0	
8.16000000000000017E-1	1.08103694081009639E+0	
8.16500000000000017E-1	1.08089629531815885E+0	
8.17000000000000017E-1	1.08075544452311899E+0	
8.17500000000000017E-1	1.08061439549599625E+0	
8.18000000000000017E-1	1.08047315260692095E+0	
8.18500000000000017E-1	1.08033170441474334E+0	
8.19000000000000017E-1	1.08019005799048283E+0	
8.19500000000000017E-1	1.08004821063325036E+0	
8.20000000000000017E-1	1.07990615797291556E+0	
8.20500000000000017E-1	1.07976390708049788E+0	
8.21000000000000017E-1	1.07962144381395846E+0	
8.21500000000000017E-1	1.07947878231533614E+0	
8.22000000000000017E-1	1.07933591551361152E+0	
8.22500000000000017E-1	1.07919284777891491E+0	
8.23000000000000017E-1	1.07904956329996623E+0	
8.23500000000000017E-1	1.07890608058893466E+0	
8.24000000000000017E-1	1.07876238550378135E+0	
8.24500000000000017E-1	1.07861848511552573E+0	
8.25000000000000017E-1	1.07847437505403745E+0	
8.25500000000000017E-1	1.07833005698855777E+0	
8.26000000000000017E-1	1.07818552924984544E+0	
8.26500000000000017E-1	1.07804078913701137E+0	
8.27000000000000017E-1	1.07789583935094464E+0	
8.27500000000000017E-1	1.07775067719075618E+0	
8.28000000000000017E-1	1.07760530265644597E+0	
8.28500000000000017E-1	1.07745971137788369E+0	
8.29000000000000017E-1	1.07731391479621910E+0	
8.29500000000000017E-1	1.07716789439928300E+0	
8.30000000000000017E-1	1.07702166432911425E+0	
8.30500000000000017E-1	1.07687521481380434E+0	
8.31000000000000017E-1	1.07672854418411201E+0	
8.31500000000000017E-1	1.07658166555042828E+0	
8.32000000000000017E-1	1.07643455873134271E+0	
8.32500000000000017E-1	1.07628723516800506E+0	
8.33000000000000017E-1	1.07613969215952625E+0	
8.33500000000000017E-1	1.07599193240679536E+0	
8.34000000000000017E-1	1.07584394446866263E+0	
8.34500000000000017E-1	1.07569574415640816E+0	
8.35000000000000017E-1	1.07554732002888219E+0	
8.35500000000000017E-1	1.07539866064493495E+0	
8.36000000000000017E-1	1.07524978451673563E+0	
8.36500000000000017E-1	1.07510068457326482E+0	
8.37000000000000017E-1	1.07495136081452250E+0	
8.37500000000000017E-1	1.07480180179935892E+0	
8.38000000000000017E-1	1.07465202603994325E+0	
8.38500000000000017E-1	1.07450201502410633E+0	
8.39000000000000017E-1	1.07435177312197847E+0	
8.39500000000000018E-1	1.07420130740457912E+0	
8.40000000000000018E-1	1.07405060643075850E+0	
8.40500000000000018E-1	1.07389967727153604E+0	
8.41000000000000018E-1	1.07374851285589231E+0	
8.41500000000000018E-1	1.07359711755395766E+0	
8.42000000000000018E-1	1.07344547992458232E+0	
8.42500000000000018E-1	1.07329362118082456E+0	
8.43000000000000018E-1	1.07314151303860669E+0	
8.43500000000000018E-1	1.07298918108111731E+0	
8.44000000000000018E-1	1.07283660242605691E+0	
8.44500000000000018E-1	1.07268378851457524E+0	
8.45000000000000018E-1	1.07253073934667231E+0	
8.45500000000000018E-1	1.07237744785132869E+0	
8.46000000000000018E-1	1.07222390965841404E+0	
8.46500000000000018E-1	1.07207013350818904E+0	
8.47000000000000018E-1	1.07191611773141243E+0	
8.47500000000000018E-1	1.07176185525706480E+0	
8.48000000000000018E-1	1.07160735482540681E+0	
8.48500000000000018E-1	1.07145259625502804E+0	
8.49000000000000018E-1	1.07129760242822800E+0	
8.49500000000000018E-1	1.07114235483283750E+0	
8.50000000000000018E-1	1.07098685783898690E+0	
8.50500000000000018E-1	1.07083112121858469E+0	
8.51000000000000018E-1	1.07067512375857260E+0	
8.51500000000000018E-1	1.07051887960098948E+0	
8.52000000000000018E-1	1.07036238167481592E+0	
8.52500000000000018E-1	1.07020563435018223E+0	
8.53000000000000018E-1	1.07004862888682776E+0	
8.53500000000000018E-1	1.06989137672590226E+0	
8.54000000000000018E-1	1.06973386372536688E+0	
8.54500000000000018E-1	1.06957608551509129E+0	
8.55000000000000018E-1	1.06941805353622524E+0	
8.55500000000000018E-1	1.06925977215889908E+0	
8.56000000000000018E-1	1.06910122120170236E+0	
8.56500000000000018E-1	1.06894240940489577E+0	
8.57000000000000018E-1	1.06878333946936839E+0	
8.57500000000000018E-1	1.06862400162321171E+0	
8.58000000000000018E-1	1.06846440563833423E+0	
8.58500000000000018E-1	1.06830453737269712E+0	
8.59000000000000018E-1	1.06814440389731978E+0	
8.59500000000000018E-1	1.06798400958233258E+0	
8.60000000000000018E-1	1.06782334568747481E+0	
8.60500000000000018E-1	1.06766240681096833E+0	
8.61000000000000018E-1	1.06750119835459129E+0	
8.61500000000000018E-1	1.06733971761745460E+0	
8.62000000000000018E-1	1.06717796459955828E+0	
8.62500000000000018E-1	1.06701593493077198E+0	
8.63000000000000018E-1	1.06685363298122604E+0	
8.63500000000000018E-1	1.06669104730977070E+0	
8.64000000000000018E-1	1.06652819642857514E+0	
8.64500000000000018E-1	1.06636505912458109E+0	
8.65000000000000018E-1	1.06620164079956672E+0	
8.65500000000000018E-1	1.06603794312277329E+0	
8.66000000000000018E-1	1.06587396172407046E+0	
8.66500000000000018E-1	1.06570970367447765E+0	
8.67000000000000018E-1	1.06554515483195601E+0	
8.67500000000000018E-1	1.06538031082637521E+0	
8.68000000000000018E-1	1.06521518746901534E+0	
8.68500000000000018E-1	1.06504977601961573E+0	
8.69000000000000018E-1	1.06488407377728729E+0	
8.69500000000000018E-1	1.06471808074203002E+0	
8.70000000000000018E-1	1.06455179254371359E+0	
8.70500000000000018E-1	1.06438522062348776E+0	
8.71000000000000018E-1	1.06421834209905299E+0	
8.71500000000000018E-1	1.06405116571066998E+0	
8.72000000000000018E-1	1.06388369415922780E+0	
8.72500000000000018E-1	1.06371593181485679E+0	
8.73000000000000018E-1	1.06354785579525742E+0	
8.73500000000000018E-1	1.06337948461259890E+0	
8.74000000000000018E-1	1.06321081119586178E+0	
8.74500000000000018E-1	1.06304182847402664E+0	
8.75000000000000018E-1	1.06287253914798258E+0	
8.75500000000000018E-1	1.06270294758785993E+0	
8.76000000000000018E-1	1.06253304235250892E+0	
8.76500000000000018E-1	1.06236282344192956E+0	
8.77000000000000018E-1	1.06219229522625218E+0	
8.77500000000000018E-1	1.06202146040636588E+0	
8.78000000000000018E-1	1.06185029776921237E+0	
8.78500000000000018E-1	1.06167883289798028E+0	
8.79000000000000018E-1	1.06150703854023972E+0	
8.79500000000000018E-1	1.06133492780638173E+0	
8.80000000000000018E-1	1.06116250339729539E+0	
8.80500000000000018E-1	1.06098974243068116E+0	
8.81000000000000018E-1	1.06081666508794950E+0	
8.81500000000000018E-1	1.06064326262883972E+0	
8.82000000000000018E-1	1.06046952798233240E+0	
8.82500000000000018E-1	1.06029546821944696E+0	
8.83000000000000018E-1	1.06012107356827490E+0	
8.83500000000000018E-1	1.05994634943059438E+0	
8.84000000000000018E-1	1.05977129310551632E+0	
8.84500000000000018E-1	1.05959589752202129E+0	
8.85000000000000018E-1	1.05942016268010930E+0	
8.85500000000000018E-1	1.05924409128066943E+0	
8.86000000000000018E-1	1.05906767625268225E+0	
8.86500000000000018E-1	1.05889092196627811E+0	
8.87000000000000018E-1	1.05871381698030725E+0	
8.87500000000000018E-1	1.05853637273591941E+0	
8.88000000000000018E-1	1.05835858049285394E+0	
8.88500000000000018E-1	1.05818043047920231E+0	
8.89000000000000018E-1	1.05800193683700337E+0	
8.89500000000000018E-1	1.05782308105408795E+0	
8.90000000000000018E-1	1.05764387457160580E+0	
8.90500000000000019E-1	1.05746431301942658E+0	
8.91000000000000019E-1	1.05728439369666120E+0	
8.91500000000000019E-1	1.05710410079202958E+0	
8.92000000000000019E-1	1.05692345718783122E+0	
8.92500000000000019E-1	1.05674244437189695E+0	
8.93000000000000019E-1	1.05656105797409643E+0	
8.93500000000000019E-1	1.05637930943557941E+0	
8.94000000000000019E-1	1.05619719168532648E+0	
8.94500000000000019E-1	1.05601468891205753E+0	
8.95000000000000019E-1	1.05583181692705266E+0	
8.95500000000000019E-1	1.05564856865929246E+0	
8.96000000000000019E-1	1.05546494243953566E+0	
8.96500000000000019E-1	1.05528092849587375E+0	
8.97000000000000019E-1	1.05509653389932617E+0	
8.97500000000000019E-1	1.05491175427976257E+0	
8.98000000000000019E-1	1.05472657549514411E+0	
8.98500000000000019E-1	1.05454102042777030E+0	
8.99000000000000019E-1	1.05435506889623072E+0	
8.99500000000000019E-1	1.05416871819963627E+0	
9.00000000000000019E-1	1.05398196833798695E+0	
9.00500000000000019E-1	1.05379481494115243E+0	
9.01000000000000019E-1	1.05360727382041280E+0	
9.01500000000000019E-1	1.05341931065231878E+0	
9.02000000000000019E-1	1.05323094831916990E+0	
9.02500000000000019E-1	1.05304217537981638E+0	
9.03000000000000019E-1	1.05285299183425824E+0	
9.03500000000000019E-1	1.05266339331236513E+0	
9.04000000000000019E-1	1.05247338148337830E+0	
9.04500000000000019E-1	1.05228294323690674E+0	
9.05000000000000019E-1	1.05209208024219171E+0	
9.05500000000000019E-1	1.05190079520012228E+0	
9.06000000000000019E-1	1.05170908811069846E+0	
9.06500000000000019E-1	1.05151694483188140E+0	
9.07000000000000019E-1	1.05132436806456018E+0	
9.07500000000000019E-1	1.05113135510784573E+0	
9.08000000000000019E-1	1.05093790866262711E+0	
9.08500000000000019E-1	1.05074401458686550E+0	
9.09000000000000019E-1	1.05054967995158030E+0	
9.09500000000000019E-1	1.05035489061473267E+0	
9.10000000000000019E-1	1.05015966341925055E+0	
9.10500000000000019E-1	1.04996397445118658E+0	
9.11000000000000019E-1	1.04976782911231893E+0	
9.11500000000000019E-1	1.04957122907188885E+0	
9.12000000000000019E-1	1.04937416288874657E+0	
9.12500000000000019E-1	1.04917663326378119E+0	
9.13000000000000019E-1	1.04897863312597328E+0	
9.13500000000000019E-1	1.04878016684545318E+0	
9.14000000000000019E-1	1.04858121861094079E+0	
9.14500000000000019E-1	1.04838179279256644E+0	
9.15000000000000019E-1	1.04818188939033013E+0	
9.15500000000000019E-1	1.04798150840423187E+0	
9.16000000000000019E-1	1.04778062695197213E+0	
9.16500000000000019E-1	1.04757925647470068E+0	
9.17000000000000019E-1	1.04737739697241750E+0	
9.17500000000000019E-1	1.04717502993295342E+0	
9.18000000000000019E-1	1.04697216679745820E+0	
9.18500000000000019E-1	1.04676879612478207E+0	
9.19000000000000019E-1	1.04656492061581413E+0	
9.19500000000000019E-1	1.04636052342762643E+0	
9.20000000000000019E-1	1.04615561433212748E+0	
9.20500000000000019E-1	1.04595018355740879E+0	
9.21000000000000019E-1	1.04574422943422908E+0	
9.21500000000000019E-1	1.04553774926169928E+0	
9.22000000000000019E-1	1.04533073159866963E+0	
9.22500000000000019E-1	1.04512317644514012E+0	
9.23000000000000019E-1	1.04491508380111076E+0	
9.23500000000000019E-1	1.04470645366658154E+0	
9.24000000000000019E-1	1.04449726315925294E+0	
9.24500000000000019E-1	1.04428752809040506E+0	
9.25000000000000019E-1	1.04407722994786871E+0	
9.25500000000000019E-1	1.04386637143253298E+0	
9.26000000000000019E-1	1.04365494547337844E+0	
9.26500000000000019E-1	1.04344295644053544E+0	
9.27000000000000019E-1	1.04323038415259353E+0	
9.27500000000000019E-1	1.04301724171994372E+0	
9.28000000000000019E-1	1.04280350189015616E+0	
9.28500000000000019E-1	1.04258918317540004E+0	
9.29000000000000019E-1	1.04237426706350615E+0	
9.29500000000000019E-1	1.04215875085358542E+0	
9.30000000000000019E-1	1.04194263287639660E+0	
9.30500000000000019E-1	1.04172590336003117E+0	
9.31000000000000019E-1	1.04150855793435880E+0	
9.31500000000000019E-1	1.04129060367039891E+0	
9.32000000000000019E-1	1.04107201498496289E+0	
9.32500000000000019E-1	1.04085280331920050E+0	
9.33000000000000019E-1	1.04063295286183164E+0	
9.33500000000000019E-1	1.04041246091196722E+0	
9.34000000000000019E-1	1.04019132309947691E+0	
9.34500000000000019E-1	1.03996952798321094E+0	
9.35000000000000019E-1	1.03974709137444941E+0	
9.35500000000000020E-1	1.03952397894974304E+0	
9.36000000000000020E-1	1.03930019507922217E+0	
9.36500000000000020E-1	1.03907574246377587E+0	
9.37000000000000020E-1	1.03885060696136531E+0	
9.37500000000000020E-1	1.03862477713084071E+0	
9.38000000000000020E-1	1.03839825734233242E+0	
9.38500000000000020E-1	1.03817103885557976E+0	
9.39000000000000020E-1	1.03794310752854388E+0	
9.39500000000000020E-1	1.03771446773135511E+0	
9.40000000000000020E-1	1.03748511072375279E+0	
9.40500000000000020E-1	1.03725501799356772E+0	
9.41000000000000020E-1	1.03702418683991082E+0	
9.41500000000000020E-1	1.03679262433380152E+0	
9.42000000000000020E-1	1.03656030322280994E+0	
9.42500000000000020E-1	1.03632723661732711E+0	
9.43000000000000020E-1	1.03609339289479281E+0	
9.43500000000000020E-1	1.03585878786648716E+0	
9.44000000000000020E-1	1.03562339594922154E+0	
9.44500000000000020E-1	1.03538721984388504E+0	
9.45000000000000020E-1	1.03515024810932789E+0	
9.45500000000000020E-1	1.03491247097364158E+0	
9.46000000000000020E-1	1.03467388676758486E+0	
9.46500000000000020E-1	1.03443447427809946E+0	
9.47000000000000020E-1	1.03419423350518538E+0	
9.47500000000000020E-1	1.03395316007871227E+0	
9.48000000000000020E-1	1.03371123985664130E+0	
9.48500000000000020E-1	1.03346845702769235E+0	
9.49000000000000020E-1	1.03322481159186543E+0	
9.49500000000000020E-1	1.03298028940712169E+0	
9.50000000000000020E-1	1.03273488610333079E+0	
9.50500000000000020E-1	1.03248858753845388E+0	
9.51000000000000020E-1	1.03224137790121086E+0	
9.51500000000000020E-1	1.03199325719160174E+0	
9.52000000000000020E-1	1.03174421126758765E+0	
9.52500000000000020E-1	1.03149422431788850E+0	
9.53000000000000020E-1	1.03124329364161521E+0	
9.53500000000000020E-1	1.03099140342748767E+0	
9.54000000000000020E-1	1.03073854223435611E+0	
9.54500000000000020E-1	1.03048470029031204E+0	
9.55000000000000020E-1	1.03022985741394500E+0	
9.55500000000000020E-1	1.02997401797538535E+0	
9.56000000000000020E-1	1.02971715639144445E+0	
9.56500000000000020E-1	1.02945926392186165E+0	
9.57000000000000020E-1	1.02920032642459808E+0	
9.57500000000000020E-1	1.02894032975761491E+0	
9.58000000000000020E-1	1.02867927225167087E+0	
9.58500000000000020E-1	1.02841712125255794E+0	
9.59000000000000020E-1	1.02815387239014577E+0	
9.59500000000000020E-1	1.02788951589252585E+0	
9.60000000000000020E-1	1.02762402013713797E+0	
9.60500000000000020E-1	1.02735738679322341E+0	
9.61000000000000020E-1	1.02708959567937170E+0	
9.61500000000000020E-1	1.02682063265354401E+0	
9.62000000000000020E-1	1.02655047213255171E+0	
9.62500000000000020E-1	1.02627911244715357E+0	
9.63000000000000020E-1	1.02600652531327188E+0	
9.63500000000000020E-1	1.02573268784860711E+0	
9.64000000000000020E-1	1.02545760005315926E+0	
9.64500000000000020E-1	1.02518123197360940E+0	
9.65000000000000020E-1	1.02490356072765797E+0	
9.65500000000000020E-1	1.02462458361441591E+0	
9.66000000000000020E-1	1.02434426631043393E+0	
9.66500000000000020E-1	1.02406259030354283E+0	
9.67000000000000020E-1	1.02377953708157343E+0	
9.67500000000000020E-1	1.02349508106133711E+0	
9.68000000000000020E-1	1.02320920913244287E+0	
9.68500000000000020E-1	1.02292189030992391E+0	
9.69000000000000020E-1	1.02263310711325889E+0	
9.69500000000000020E-1	1.02234283562850044E+0	
9.70000000000000020E-1	1.02205104423308836E+0	
9.70500000000000020E-1	1.02175771878498380E+0	
9.71000000000000020E-1	1.02146282225984839E+0	
9.71500000000000020E-1	1.02116633614551294E+0	
9.72000000000000020E-1	1.02086822174839782E+0	
9.72500000000000020E-1	1.02056846222557509E+0	
9.73000000000000020E-1	1.02026702595448456E+0	
9.73500000000000020E-1	1.01996388028091819E+0	
9.74000000000000020E-1	1.01965899962168736E+0	
9.74500000000000020E-1	1.01935233821219303E+0	
9.75000000000000020E-1	1.01904387754026600E+0	
9.75500000000000020E-1	1.01873358058156791E+0	
9.76000000000000020E-1	1.01842140594163003E+0	
9.76500000000000020E-1	1.01810731659611400E+0	
9.77000000000000020E-1	1.01779128259170085E+0	
9.77500000000000020E-1	1.01747326690405223E+0	
9.78000000000000020E-1	1.01715321669754964E+0	
9.78500000000000020E-1	1.01683109494785473E+0	
9.79000000000000020E-1	1.01650687170164852E+0	
9.79500000000000020E-1	1.01618048435140405E+0	
9.80000000000000020E-1	1.01585190127456110E+0	
9.80500000000000020E-1	1.01552105716270361E+0	
9.81000000000000020E-1	1.01518792039327136E+0	
9.81500000000000020E-1	1.01485243272886772E+0	
9.82000000000000020E-1	1.01451452989272444E+0	
9.82500000000000020E-1	1.01417416341935338E+0	
9.83000000000000020E-1	1.01383128484326641E+0	
9.83500000000000020E-1	1.01348582011578678E+0	
9.84000000000000020E-1	1.01313770496014624E+0	
9.84500000000000020E-1	1.01278689528098700E+0	
9.85000000000000020E-1	1.01243329684822187E+0	
9.85500000000000020E-1	1.01207684705432386E+0	
9.86000000000000020E-1	1.01171747455150531E+0	
9.86500000000000021E-1	1.01135510529108946E+0	
9.87000000000000021E-1	1.01098964504298913E+0	
9.87500000000000021E-1	1.01062101975852757E+0	
9.88000000000000021E-1	1.01024912813659816E+0	
9.88500000000000021E-1	1.00987388905750474E+0	
9.89000000000000021E-1	1.00949519685001033E+0	
9.89500000000000021E-1	1.00911295895326902E+0	
9.90000000000000021E-1	1.00872704848298557E+0	
9.90500000000000021E-1	1.00833735269690360E+0	
9.91000000000000021E-1	1.00794376759302742E+0	
9.91500000000000021E-1	1.00754615214502294E+0	
9.92000000000000021E-1	1.00714437779935370E+0	
9.92500000000000021E-1	1.00673829645866619E+0	
9.93000000000000021E-1	1.00632776272649600E+0	
9.93500000000000021E-1	1.00591261809598769E+0	
9.94000000000000021E-1	1.00549268181557974E+0	
9.94500000000000021E-1	1.00506778123637786E+0	
9.95000000000000021E-1	1.00463772519731859E+0	
9.95500000000000021E-1	1.00420230299352143E+0	
9.96000000000000021E-1	1.00376130328251250E+0	
9.96500000000000021E-1	1.00331448540609234E+0	
9.97000000000000021E-1	1.00286159392642926E+0	
9.97500000000000021E-1	1.00240236093289395E+0	
9.98000000000000021E-1	1.00193650000268792E+0	
9.98500000000000021E-1	1.00146368872032215E+0	
9.99000000000000021E-1	1.00098358345724932E+0	
9.99500000000000021E-1	1.00049582644288329E+0	
1.00000000000000002E+0	1.00000000000000000E+0	
